TABLE_1_3
N 42

1 0.000001 0.107487 0.0
2 1.0 0.107487 0.0
3 2.0 0.107487 0.0
4 3.0 0.107487 0.0
5 4.0 0.107487 0.0
6 5.0 0.107487 0.0
7 5.087297545454545 0.107487 0.0
8 5.17459509090909 0.107487 0.0
9 5.261892636363635 0.107487 0.0
10 5.34919018181818 0.107487 0.0
11 5.436487727272725 0.107487 0.0
12 5.52378527272727 0.107487 0.0
13 5.611082818181815 0.107487 0.0
14 5.69838036363636 0.107487 0.0
15 5.785677909090905 0.107487 0.0
16 5.8729754545454504 0.107487 0.0
17 5.960273 0.0 0.0
18 5.963884545454546 0.0 0.0
19 5.9674960909090915 0.0 0.0
20 5.971107636363637 0.0 0.0
21 5.974719181818183 0.0 0.0
22 5.978330727272729 0.0 0.0
23 5.981942272727275 0.0 0.0
24 5.98555381818182 0.0 0.0
25 5.989165363636366 0.0 0.0
26 5.992776909090912 0.0 0.0
27 5.996388454545458 0.0 0.0
28 6.0 0.0 0.0
29 7.0 0.0 0.0
30 8.0 0.0 0.0
31 9.0 0.0 0.0
32 10.0 0.0 0.0
33 11.0 0.0 0.0
34 12.0 0.0 0.0
35 13.0 0.0 0.0
36 14.0 0.0 0.0
37 15.0 0.0 0.0
38 16.0 0.0 0.0
39 17.0 0.0 0.0
40 18.0 0.0 0.0
41 19.0 0.0 0.0
42 20.0 0.0 0.0
TABLE_1_4
N 42

1 0.000001 0.143316 0.0
2 1.0 0.143316 0.0
3 2.0 0.143316 0.0
4 3.0 0.143316 0.0
5 4.0 0.143316 0.0
6 5.0 0.143316 0.0
7 6.0 0.143316 0.0
8 6.013735636363636 0.143316 0.0
9 6.027471272727272 0.143316 0.0
10 6.041206909090908 0.143316 0.0
11 6.054942545454544 0.143316 0.0
12 6.06867818181818 0.143316 0.0
13 6.082413818181816 0.143316 0.0
14 6.096149454545452 0.143316 0.0
15 6.1098850909090885 0.143316 0.0
16 6.1236207272727246 0.143316 0.0
17 6.137356363636361 0.143316 0.0
18 6.151092 0.0 0.0
19 6.228265454545455 0.0 0.0
20 6.30543890909091 0.0 0.0
21 6.3826123636363645 0.0 0.0
22 6.459785818181819 0.0 0.0
23 6.536959272727274 0.0 0.0
24 6.614132727272729 0.0 0.0
25 6.691306181818184 0.0 0.0
26 6.768479636363638 0.0 0.0
27 6.845653090909093 0.0 0.0
28 6.922826545454548 0.0 0.0
29 7.0 0.0 0.0
30 8.0 0.0 0.0
31 9.0 0.0 0.0
32 10.0 0.0 0.0
33 11.0 0.0 0.0
34 12.0 0.0 0.0
35 13.0 0.0 0.0
36 14.0 0.0 0.0
37 15.0 0.0 0.0
38 16.0 0.0 0.0
39 17.0 0.0 0.0
40 18.0 0.0 0.0
41 19.0 0.0 0.0
42 20.0 0.0 0.0
TABLE_1_9
N 42

1 0.000001 0.181031 0.0
2 1.0 0.181031 0.0
3 2.0 0.181031 0.0
4 3.0 0.181031 0.0
5 4.0 0.181031 0.0
6 5.0 0.181031 0.0
7 6.0 0.181031 0.0
8 6.036184909090909 0.181031 0.0
9 6.0723698181818175 0.181031 0.0
10 6.108554727272726 0.181031 0.0
11 6.144739636363635 0.181031 0.0
12 6.180924545454544 0.181031 0.0
13 6.217109454545453 0.181031 0.0
14 6.253294363636361 0.181031 0.0
15 6.28947927272727 0.181031 0.0
16 6.325664181818179 0.181031 0.0
17 6.361849090909088 0.181031 0.0
18 6.398034 0.0 0.0
19 6.452758181818182 0.0 0.0
20 6.507482363636364 0.0 0.0
21 6.562206545454546 0.0 0.0
22 6.616930727272728 0.0 0.0
23 6.67165490909091 0.0 0.0
24 6.726379090909092 0.0 0.0
25 6.781103272727274 0.0 0.0
26 6.8358274545454565 0.0 0.0
27 6.8905516363636385 0.0 0.0
28 6.945275818181821 0.0 0.0
29 7.0 0.0 0.0
30 8.0 0.0 0.0
31 9.0 0.0 0.0
32 10.0 0.0 0.0
33 11.0 0.0 0.0
34 12.0 0.0 0.0
35 13.0 0.0 0.0
36 14.0 0.0 0.0
37 15.0 0.0 0.0
38 16.0 0.0 0.0
39 17.0 0.0 0.0
40 18.0 0.0 0.0
41 19.0 0.0 0.0
42 20.0 0.0 0.0
TABLE_1_12
N 42

1 0.000001 0.081087 0.0
2 1.0 0.081087 0.0
3 2.0 0.081087 0.0
4 3.0 0.081087 0.0
5 4.0 0.081087 0.0
6 5.0 0.081087 0.0
7 6.0 0.081087 0.0
8 6.001490636363636 0.081087 0.0
9 6.002981272727272 0.081087 0.0
10 6.004471909090908 0.081087 0.0
11 6.005962545454544 0.081087 0.0
12 6.00745318181818 0.081087 0.0
13 6.008943818181816 0.081087 0.0
14 6.010434454545452 0.081087 0.0
15 6.011925090909088 0.081087 0.0
16 6.013415727272724 0.081087 0.0
17 6.01490636363636 0.081087 0.0
18 6.016397 0.0 0.0
19 6.105815454545455 0.0 0.0
20 6.19523390909091 0.0 0.0
21 6.284652363636365 0.0 0.0
22 6.37407081818182 0.0 0.0
23 6.463489272727275 0.0 0.0
24 6.552907727272729 0.0 0.0
25 6.642326181818184 0.0 0.0
26 6.731744636363639 0.0 0.0
27 6.821163090909094 0.0 0.0
28 6.910581545454549 0.0 0.0
29 7.0 0.0 0.0
30 8.0 0.0 0.0
31 9.0 0.0 0.0
32 10.0 0.0 0.0
33 11.0 0.0 0.0
34 12.0 0.0 0.0
35 13.0 0.0 0.0
36 14.0 0.0 0.0
37 15.0 0.0 0.0
38 16.0 0.0 0.0
39 17.0 0.0 0.0
40 18.0 0.0 0.0
41 19.0 0.0 0.0
42 20.0 0.0 0.0
TABLE_1_13
N 42

1 0.000001 0.045258 0.0
2 1.0 0.045258 0.0
3 2.0 0.045258 0.0
4 3.0 0.045258 0.0
5 4.0 0.045258 0.0
6 5.0 0.045258 0.0
7 5.086277181818182 0.045258 0.0
8 5.172554363636364 0.045258 0.0
9 5.258831545454545 0.045258 0.0
10 5.345108727272727 0.045258 0.0
11 5.431385909090909 0.045258 0.0
12 5.517663090909091 0.045258 0.0
13 5.6039402727272725 0.045258 0.0
14 5.690217454545454 0.045258 0.0
15 5.776494636363636 0.045258 0.0
16 5.862771818181818 0.045258 0.0
17 5.949049 0.0 0.0
18 5.953680909090909 0.0 0.0
19 5.958312818181818 0.0 0.0
20 5.962944727272727 0.0 0.0
21 5.967576636363636 0.0 0.0
22 5.972208545454545 0.0 0.0
23 5.976840454545454 0.0 0.0
24 5.981472363636363 0.0 0.0
25 5.986104272727272 0.0 0.0
26 5.990736181818181 0.0 0.0
27 5.99536809090909 0.0 0.0
28 6.0 0.0 0.0
29 7.0 0.0 0.0
30 8.0 0.0 0.0
31 9.0 0.0 0.0
32 10.0 0.0 0.0
33 11.0 0.0 0.0
34 12.0 0.0 0.0
35 13.0 0.0 0.0
36 14.0 0.0 0.0
37 15.0 0.0 0.0
38 16.0 0.0 0.0
39 17.0 0.0 0.0
40 18.0 0.0 0.0
41 19.0 0.0 0.0
42 20.0 0.0 0.0
TABLE_1_14
N 42

1 0.000001 0.071658 0.0
2 1.0 0.071658 0.0
3 2.0 0.071658 0.0
4 3.0 0.071658 0.0
5 4.0 0.071658 0.0
6 5.0 0.071658 0.0
7 6.0 0.071658 0.0
8 6.018837727272727 0.071658 0.0
9 6.037675454545454 0.071658 0.0
10 6.056513181818181 0.071658 0.0
11 6.075350909090908 0.071658 0.0
12 6.094188636363635 0.071658 0.0
13 6.1130263636363615 0.071658 0.0
14 6.1318640909090885 0.071658 0.0
15 6.150701818181815 0.071658 0.0
16 6.169539545454542 0.071658 0.0
17 6.188377272727269 0.071658 0.0
18 6.207215 0.0 0.0
19 6.279286363636364 0.0 0.0
20 6.3513577272727275 0.0 0.0
21 6.423429090909091 0.0 0.0
22 6.495500454545455 0.0 0.0
23 6.567571818181819 0.0 0.0
24 6.639643181818183 0.0 0.0
25 6.711714545454547 0.0 0.0
26 6.783785909090911 0.0 0.0
27 6.855857272727275 0.0 0.0
28 6.927928636363639 0.0 0.0
29 7.0 0.0 0.0
30 8.0 0.0 0.0
31 9.0 0.0 0.0
32 10.0 0.0 0.0
33 11.0 0.0 0.0
34 12.0 0.0 0.0
35 13.0 0.0 0.0
36 14.0 0.0 0.0
37 15.0 0.0 0.0
38 16.0 0.0 0.0
39 17.0 0.0 0.0
40 18.0 0.0 0.0
41 19.0 0.0 0.0
42 20.0 0.0 0.0
TABLE_1_15
N 42

1 0.000001 0.082973 0.0
2 1.0 0.082973 0.0
3 2.0 0.082973 0.0
4 3.0 0.082973 0.0
5 4.0 0.082973 0.0
6 5.0 0.082973 0.0
7 6.0 0.082973 0.0
8 6.0463890909090905 0.082973 0.0
9 6.092778181818181 0.082973 0.0
10 6.1391672727272715 0.082973 0.0
11 6.185556363636362 0.082973 0.0
12 6.2319454545454525 0.082973 0.0
13 6.278334545454543 0.082973 0.0
14 6.324723636363633 0.082973 0.0
15 6.371112727272724 0.082973 0.0
16 6.417501818181814 0.082973 0.0
17 6.463890909090905 0.082973 0.0
18 6.51028 0.0 0.0
19 6.5548 0.0 0.0
20 6.5993200000000005 0.0 0.0
21 6.643840000000001 0.0 0.0
22 6.688360000000001 0.0 0.0
23 6.7328800000000015 0.0 0.0
24 6.777400000000002 0.0 0.0
25 6.821920000000002 0.0 0.0
26 6.8664400000000025 0.0 0.0
27 6.910960000000003 0.0 0.0
28 6.955480000000003 0.0 0.0
29 7.0 0.0 0.0
30 8.0 0.0 0.0
31 9.0 0.0 0.0
32 10.0 0.0 0.0
33 11.0 0.0 0.0
34 12.0 0.0 0.0
35 13.0 0.0 0.0
36 14.0 0.0 0.0
37 15.0 0.0 0.0
38 16.0 0.0 0.0
39 17.0 0.0 0.0
40 18.0 0.0 0.0
41 19.0 0.0 0.0
42 20.0 0.0 0.0
TABLE_1_16
N 42

1 0.000001 0.049029 0.0
2 1.0 0.049029 0.0
3 2.0 0.049029 0.0
4 3.0 0.049029 0.0
5 4.0 0.049029 0.0
6 5.0 0.049029 0.0
7 5.066889181818182 0.049029 0.0
8 5.133778363636363 0.049029 0.0
9 5.200667545454545 0.049029 0.0
10 5.267556727272726 0.049029 0.0
11 5.334445909090908 0.049029 0.0
12 5.40133509090909 0.049029 0.0
13 5.468224272727271 0.049029 0.0
14 5.535113454545453 0.049029 0.0
15 5.602002636363634 0.049029 0.0
16 5.668891818181816 0.049029 0.0
17 5.735781 0.0 0.0
18 5.7598009090909095 0.0 0.0
19 5.783820818181819 0.0 0.0
20 5.807840727272728 0.0 0.0
21 5.831860636363637 0.0 0.0
22 5.855880545454546 0.0 0.0
23 5.879900454545456 0.0 0.0
24 5.903920363636365 0.0 0.0
25 5.927940272727274 0.0 0.0
26 5.951960181818183 0.0 0.0
27 5.9759800909090925 0.0 0.0
28 6.0 0.0 0.0
29 7.0 0.0 0.0
30 8.0 0.0 0.0
31 9.0 0.0 0.0
32 10.0 0.0 0.0
33 11.0 0.0 0.0
34 12.0 0.0 0.0
35 13.0 0.0 0.0
36 14.0 0.0 0.0
37 15.0 0.0 0.0
38 16.0 0.0 0.0
39 17.0 0.0 0.0
40 18.0 0.0 0.0
41 19.0 0.0 0.0
42 20.0 0.0 0.0
TABLE_2_9
N 42

1 0.000001 0.060344 0.0
2 1.0 0.060344 0.0
3 2.0 0.060344 0.0
4 3.0 0.060344 0.0
5 4.0 0.060344 0.0
6 5.0 0.060344 0.0
7 6.0 0.060344 0.0
8 6.0586340909090906 0.060344 0.0
9 6.117268181818181 0.060344 0.0
10 6.175902272727272 0.060344 0.0
11 6.234536363636362 0.060344 0.0
12 6.293170454545453 0.060344 0.0
13 6.351804545454543 0.060344 0.0
14 6.410438636363634 0.060344 0.0
15 6.469072727272724 0.060344 0.0
16 6.527706818181815 0.060344 0.0
17 6.5863409090909055 0.060344 0.0
18 6.644975 0.0 0.0
19 6.67725 0.0 0.0
20 6.709525 0.0 0.0
21 6.7418000000000005 0.0 0.0
22 6.774075000000001 0.0 0.0
23 6.806350000000001 0.0 0.0
24 6.838625000000001 0.0 0.0
25 6.870900000000002 0.0 0.0
26 6.903175000000002 0.0 0.0
27 6.935450000000002 0.0 0.0
28 6.967725000000002 0.0 0.0
29 7.0 0.0 0.0
30 8.0 0.0 0.0
31 9.0 0.0 0.0
32 10.0 0.0 0.0
33 11.0 0.0 0.0
34 12.0 0.0 0.0
35 13.0 0.0 0.0
36 14.0 0.0 0.0
37 15.0 0.0 0.0
38 16.0 0.0 0.0
39 17.0 0.0 0.0
40 18.0 0.0 0.0
41 19.0 0.0 0.0
42 20.0 0.0 0.0
TABLE_3_3
N 42

1 0.000001 0.199888 0.0
2 1.0 0.199888 0.0
3 2.0 0.199888 0.0
4 3.0 0.199888 0.0
5 4.0 0.199888 0.0
6 5.0 0.199888 0.0
7 6.0 0.199888 0.0
8 6.023939818181818 0.199888 0.0
9 6.047879636363636 0.199888 0.0
10 6.071819454545453 0.199888 0.0
11 6.095759272727271 0.199888 0.0
12 6.119699090909089 0.199888 0.0
13 6.143638909090907 0.199888 0.0
14 6.1675787272727245 0.199888 0.0
15 6.191518545454542 0.199888 0.0
16 6.21545836363636 0.199888 0.0
17 6.239398181818178 0.199888 0.0
18 6.263338 0.0 0.0
19 6.330307272727273 0.0 0.0
20 6.397276545454546 0.0 0.0
21 6.464245818181819 0.0 0.0
22 6.531215090909092 0.0 0.0
23 6.598184363636365 0.0 0.0
24 6.665153636363638 0.0 0.0
25 6.732122909090911 0.0 0.0
26 6.799092181818184 0.0 0.0
27 6.8660614545454575 0.0 0.0
28 6.9330307272727305 0.0 0.0
29 7.0 0.0 0.0
30 8.0 0.0 0.0
31 9.0 0.0 0.0
32 10.0 0.0 0.0
33 11.0 0.0 0.0
34 12.0 0.0 0.0
35 13.0 0.0 0.0
36 14.0 0.0 0.0
37 15.0 0.0 0.0
38 16.0 0.0 0.0
39 17.0 0.0 0.0
40 18.0 0.0 0.0
41 19.0 0.0 0.0
42 20.0 0.0 0.0
TABLE_3_4
N 42

1 0.000001 0.235717 0.0
2 1.0 0.235717 0.0
3 2.0 0.235717 0.0
4 3.0 0.235717 0.0
5 4.0 0.235717 0.0
6 5.0 0.235717 0.0
7 6.0 0.235717 0.0
8 6.041287 0.235717 0.0
9 6.082573999999999 0.235717 0.0
10 6.123860999999999 0.235717 0.0
11 6.1651479999999985 0.235717 0.0
12 6.206434999999998 0.235717 0.0
13 6.247721999999998 0.235717 0.0
14 6.289008999999997 0.235717 0.0
15 6.330295999999997 0.235717 0.0
16 6.371582999999997 0.235717 0.0
17 6.412869999999996 0.235717 0.0
18 6.454157 0.0 0.0
19 6.503779090909092 0.0 0.0
20 6.553401181818183 0.0 0.0
21 6.603023272727274 0.0 0.0
22 6.652645363636365 0.0 0.0
23 6.702267454545456 0.0 0.0
24 6.751889545454548 0.0 0.0
25 6.801511636363639 0.0 0.0
26 6.85113372727273 0.0 0.0
27 6.900755818181821 0.0 0.0
28 6.950377909090912 0.0 0.0
29 7.0 0.0 0.0
30 8.0 0.0 0.0
31 9.0 0.0 0.0
32 10.0 0.0 0.0
33 11.0 0.0 0.0
34 12.0 0.0 0.0
35 13.0 0.0 0.0
36 14.0 0.0 0.0
37 15.0 0.0 0.0
38 16.0 0.0 0.0
39 17.0 0.0 0.0
40 18.0 0.0 0.0
41 19.0 0.0 0.0
42 20.0 0.0 0.0
TABLE_3_6
N 42

1 0.000001 0.12823 0.0
2 1.0 0.12823 0.0
3 2.0 0.12823 0.0
4 3.0 0.12823 0.0
5 4.0 0.12823 0.0
6 5.0 0.12823 0.0
7 5.059746272727272 0.12823 0.0
8 5.119492545454545 0.12823 0.0
9 5.179238818181817 0.12823 0.0
10 5.23898509090909 0.12823 0.0
11 5.298731363636362 0.12823 0.0
12 5.358477636363634 0.12823 0.0
13 5.418223909090907 0.12823 0.0
14 5.477970181818179 0.12823 0.0
15 5.537716454545452 0.12823 0.0
16 5.597462727272724 0.12823 0.0
17 5.657209 0.0 0.0
18 5.688371818181818 0.0 0.0
19 5.719534636363637 0.0 0.0
20 5.750697454545455 0.0 0.0
21 5.781860272727274 0.0 0.0
22 5.813023090909092 0.0 0.0
23 5.8441859090909105 0.0 0.0
24 5.875348727272729 0.0 0.0
25 5.906511545454547 0.0 0.0
26 5.937674363636366 0.0 0.0
27 5.968837181818184 0.0 0.0
28 6.0 0.0 0.0
29 7.0 0.0 0.0
30 8.0 0.0 0.0
31 9.0 0.0 0.0
32 10.0 0.0 0.0
33 11.0 0.0 0.0
34 12.0 0.0 0.0
35 13.0 0.0 0.0
36 14.0 0.0 0.0
37 15.0 0.0 0.0
38 16.0 0.0 0.0
39 17.0 0.0 0.0
40 18.0 0.0 0.0
41 19.0 0.0 0.0
42 20.0 0.0 0.0
TABLE_3_9
N 42

1 0.000001 0.111259 0.0
2 1.0 0.111259 0.0
3 2.0 0.111259 0.0
4 3.0 0.111259 0.0
5 4.0 0.111259 0.0
6 5.0 0.111259 0.0
7 6.0 0.111259 0.0
8 6.063736181818181 0.111259 0.0
9 6.127472363636363 0.111259 0.0
10 6.191208545454544 0.111259 0.0
11 6.254944727272726 0.111259 0.0
12 6.318680909090907 0.111259 0.0
13 6.3824170909090885 0.111259 0.0
14 6.44615327272727 0.111259 0.0
15 6.509889454545451 0.111259 0.0
16 6.573625636363633 0.111259 0.0
17 6.637361818181814 0.111259 0.0
18 6.701098 0.0 0.0
19 6.728270909090909 0.0 0.0
20 6.755443818181819 0.0 0.0
21 6.782616727272728 0.0 0.0
22 6.809789636363638 0.0 0.0
23 6.836962545454547 0.0 0.0
24 6.8641354545454565 0.0 0.0
25 6.891308363636366 0.0 0.0
26 6.918481272727275 0.0 0.0
27 6.945654181818185 0.0 0.0
28 6.972827090909094 0.0 0.0
29 7.0 0.0 0.0
30 8.0 0.0 0.0
31 9.0 0.0 0.0
32 10.0 0.0 0.0
33 11.0 0.0 0.0
34 12.0 0.0 0.0
35 13.0 0.0 0.0
36 14.0 0.0 0.0
37 15.0 0.0 0.0
38 16.0 0.0 0.0
39 17.0 0.0 0.0
40 18.0 0.0 0.0
41 19.0 0.0 0.0
42 20.0 0.0 0.0
TABLE_3_12
N 42

1 0.000001 0.111259 0.0
2 1.0 0.111259 0.0
3 2.0 0.111259 0.0
4 3.0 0.111259 0.0
5 4.0 0.111259 0.0
6 5.0 0.111259 0.0
7 6.0 0.111259 0.0
8 6.0290419090909095 0.111259 0.0
9 6.058083818181819 0.111259 0.0
10 6.087125727272729 0.111259 0.0
11 6.116167636363638 0.111259 0.0
12 6.145209545454548 0.111259 0.0
13 6.174251454545457 0.111259 0.0
14 6.203293363636367 0.111259 0.0
15 6.232335272727276 0.111259 0.0
16 6.261377181818186 0.111259 0.0
17 6.290419090909095 0.111259 0.0
18 6.319461 0.0 0.0
19 6.381328181818183 0.0 0.0
20 6.443195363636365 0.0 0.0
21 6.505062545454547 0.0 0.0
22 6.566929727272729 0.0 0.0
23 6.628796909090911 0.0 0.0
24 6.6906640909090935 0.0 0.0
25 6.752531272727276 0.0 0.0
26 6.814398454545458 0.0 0.0
27 6.87626563636364 0.0 0.0
28 6.938132818181822 0.0 0.0
29 7.0 0.0 0.0
30 8.0 0.0 0.0
31 9.0 0.0 0.0
32 10.0 0.0 0.0
33 11.0 0.0 0.0
34 12.0 0.0 0.0
35 13.0 0.0 0.0
36 14.0 0.0 0.0
37 15.0 0.0 0.0
38 16.0 0.0 0.0
39 17.0 0.0 0.0
40 18.0 0.0 0.0
41 19.0 0.0 0.0
42 20.0 0.0 0.0
TABLE_3_13
N 42

1 0.000001 0.17726 0.0
2 1.0 0.17726 0.0
3 2.0 0.17726 0.0
4 3.0 0.17726 0.0
5 4.0 0.17726 0.0
6 5.0 0.17726 0.0
7 6.0 0.17726 0.0
8 6.0229194545454545 0.17726 0.0
9 6.045838909090909 0.17726 0.0
10 6.068758363636364 0.17726 0.0
11 6.091677818181818 0.17726 0.0
12 6.114597272727273 0.17726 0.0
13 6.137516727272727 0.17726 0.0
14 6.160436181818182 0.17726 0.0
15 6.183355636363636 0.17726 0.0
16 6.206275090909091 0.17726 0.0
17 6.229194545454545 0.17726 0.0
18 6.252114 0.0 0.0
19 6.320103636363636 0.0 0.0
20 6.388093272727272 0.0 0.0
21 6.456082909090909 0.0 0.0
22 6.524072545454545 0.0 0.0
23 6.592062181818181 0.0 0.0
24 6.660051818181818 0.0 0.0
25 6.728041454545454 0.0 0.0
26 6.79603109090909 0.0 0.0
27 6.8640207272727265 0.0 0.0
28 6.932010363636363 0.0 0.0
29 7.0 0.0 0.0
30 8.0 0.0 0.0
31 9.0 0.0 0.0
32 10.0 0.0 0.0
33 11.0 0.0 0.0
34 12.0 0.0 0.0
35 13.0 0.0 0.0
36 14.0 0.0 0.0
37 15.0 0.0 0.0
38 16.0 0.0 0.0
39 17.0 0.0 0.0
40 18.0 0.0 0.0
41 19.0 0.0 0.0
42 20.0 0.0 0.0
TABLE_3_14
N 42

1 0.000001 0.152745 0.0
2 1.0 0.152745 0.0
3 2.0 0.152745 0.0
4 3.0 0.152745 0.0
5 4.0 0.152745 0.0
6 5.0 0.152745 0.0
7 6.0 0.152745 0.0
8 6.0463890909090905 0.152745 0.0
9 6.092778181818181 0.152745 0.0
10 6.1391672727272715 0.152745 0.0
11 6.185556363636362 0.152745 0.0
12 6.2319454545454525 0.152745 0.0
13 6.278334545454543 0.152745 0.0
14 6.324723636363633 0.152745 0.0
15 6.371112727272724 0.152745 0.0
16 6.417501818181814 0.152745 0.0
17 6.463890909090905 0.152745 0.0
18 6.51028 0.0 0.0
19 6.5548 0.0 0.0
20 6.5993200000000005 0.0 0.0
21 6.643840000000001 0.0 0.0
22 6.688360000000001 0.0 0.0
23 6.7328800000000015 0.0 0.0
24 6.777400000000002 0.0 0.0
25 6.821920000000002 0.0 0.0
26 6.8664400000000025 0.0 0.0
27 6.910960000000003 0.0 0.0
28 6.955480000000003 0.0 0.0
29 7.0 0.0 0.0
30 8.0 0.0 0.0
31 9.0 0.0 0.0
32 10.0 0.0 0.0
33 11.0 0.0 0.0
34 12.0 0.0 0.0
35 13.0 0.0 0.0
36 14.0 0.0 0.0
37 15.0 0.0 0.0
38 16.0 0.0 0.0
39 17.0 0.0 0.0
40 18.0 0.0 0.0
41 19.0 0.0 0.0
42 20.0 0.0 0.0
TABLE_3_16
N 42

1 0.000001 0.120687 0.0
2 1.0 0.120687 0.0
3 2.0 0.120687 0.0
4 3.0 0.120687 0.0
5 4.0 0.120687 0.0
6 5.0 0.120687 0.0
7 6.0 0.120687 0.0
8 6.003531454545454 0.120687 0.0
9 6.007062909090909 0.120687 0.0
10 6.010594363636363 0.120687 0.0
11 6.014125818181817 0.120687 0.0
12 6.017657272727272 0.120687 0.0
13 6.021188727272726 0.120687 0.0
14 6.02472018181818 0.120687 0.0
15 6.028251636363635 0.120687 0.0
16 6.031783090909089 0.120687 0.0
17 6.035314545454543 0.120687 0.0
18 6.038846 0.0 0.0
19 6.126223636363637 0.0 0.0
20 6.213601272727273 0.0 0.0
21 6.30097890909091 0.0 0.0
22 6.388356545454546 0.0 0.0
23 6.475734181818183 0.0 0.0
24 6.563111818181819 0.0 0.0
25 6.650489454545456 0.0 0.0
26 6.737867090909092 0.0 0.0
27 6.825244727272729 0.0 0.0
28 6.912622363636365 0.0 0.0
29 7.0 0.0 0.0
30 8.0 0.0 0.0
31 9.0 0.0 0.0
32 10.0 0.0 0.0
33 11.0 0.0 0.0
34 12.0 0.0 0.0
35 13.0 0.0 0.0
36 14.0 0.0 0.0
37 15.0 0.0 0.0
38 16.0 0.0 0.0
39 17.0 0.0 0.0
40 18.0 0.0 0.0
41 19.0 0.0 0.0
42 20.0 0.0 0.0
TABLE_3_17
N 42

1 0.000001 0.08863 0.0
2 1.0 0.08863 0.0
3 2.0 0.08863 0.0
4 3.0 0.08863 0.0
5 4.0 0.08863 0.0
6 5.0 0.08863 0.0
7 6.0 0.08863 0.0
8 6.025980636363636 0.08863 0.0
9 6.051961272727272 0.08863 0.0
10 6.077941909090908 0.08863 0.0
11 6.1039225454545445 0.08863 0.0
12 6.129903181818181 0.08863 0.0
13 6.155883818181817 0.08863 0.0
14 6.181864454545453 0.08863 0.0
15 6.207845090909089 0.08863 0.0
16 6.233825727272725 0.08863 0.0
17 6.259806363636361 0.08863 0.0
18 6.285787 0.0 0.0
19 6.350715454545455 0.0 0.0
20 6.415643909090909 0.0 0.0
21 6.480572363636364 0.0 0.0
22 6.545500818181819 0.0 0.0
23 6.6104292727272735 0.0 0.0
24 6.675357727272728 0.0 0.0
25 6.740286181818183 0.0 0.0
26 6.805214636363638 0.0 0.0
27 6.870143090909092 0.0 0.0
28 6.935071545454547 0.0 0.0
29 7.0 0.0 0.0
30 8.0 0.0 0.0
31 9.0 0.0 0.0
32 10.0 0.0 0.0
33 11.0 0.0 0.0
34 12.0 0.0 0.0
35 13.0 0.0 0.0
36 14.0 0.0 0.0
37 15.0 0.0 0.0
38 16.0 0.0 0.0
39 17.0 0.0 0.0
40 18.0 0.0 0.0
41 19.0 0.0 0.0
42 20.0 0.0 0.0
TABLE_4_4
N 42

1 0.000001 0.256461 0.0
2 1.0 0.256461 0.0
3 2.0 0.256461 0.0
4 3.0 0.256461 0.0
5 4.0 0.256461 0.0
6 5.0 0.256461 0.0
7 6.0 0.256461 0.0
8 6.0586340909090906 0.256461 0.0
9 6.117268181818181 0.256461 0.0
10 6.175902272727272 0.256461 0.0
11 6.234536363636362 0.256461 0.0
12 6.293170454545453 0.256461 0.0
13 6.351804545454543 0.256461 0.0
14 6.410438636363634 0.256461 0.0
15 6.469072727272724 0.256461 0.0
16 6.527706818181815 0.256461 0.0
17 6.5863409090909055 0.256461 0.0
18 6.644975 0.0 0.0
19 6.67725 0.0 0.0
20 6.709525 0.0 0.0
21 6.7418000000000005 0.0 0.0
22 6.774075000000001 0.0 0.0
23 6.806350000000001 0.0 0.0
24 6.838625000000001 0.0 0.0
25 6.870900000000002 0.0 0.0
26 6.903175000000002 0.0 0.0
27 6.935450000000002 0.0 0.0
28 6.967725000000002 0.0 0.0
29 7.0 0.0 0.0
30 8.0 0.0 0.0
31 9.0 0.0 0.0
32 10.0 0.0 0.0
33 11.0 0.0 0.0
34 12.0 0.0 0.0
35 13.0 0.0 0.0
36 14.0 0.0 0.0
37 15.0 0.0 0.0
38 16.0 0.0 0.0
39 17.0 0.0 0.0
40 18.0 0.0 0.0
41 19.0 0.0 0.0
42 20.0 0.0 0.0
TABLE_4_6
N 42

1 0.000001 0.198003 0.0
2 1.0 0.198003 0.0
3 2.0 0.198003 0.0
4 3.0 0.198003 0.0
5 4.0 0.198003 0.0
6 5.0 0.198003 0.0
7 5.077093363636363 0.198003 0.0
8 5.154186727272727 0.198003 0.0
9 5.23128009090909 0.198003 0.0
10 5.308373454545453 0.198003 0.0
11 5.385466818181817 0.198003 0.0
12 5.46256018181818 0.198003 0.0
13 5.539653545454543 0.198003 0.0
14 5.616746909090907 0.198003 0.0
15 5.69384027272727 0.198003 0.0
16 5.770933636363633 0.198003 0.0
17 5.848027 0.0 0.0
18 5.861842727272728 0.0 0.0
19 5.875658454545455 0.0 0.0
20 5.889474181818183 0.0 0.0
21 5.90328990909091 0.0 0.0
22 5.917105636363638 0.0 0.0
23 5.930921363636365 0.0 0.0
24 5.944737090909093 0.0 0.0
25 5.95855281818182 0.0 0.0
26 5.972368545454548 0.0 0.0
27 5.986184272727275 0.0 0.0
28 6.0 0.0 0.0
29 7.0 0.0 0.0
30 8.0 0.0 0.0
31 9.0 0.0 0.0
32 10.0 0.0 0.0
33 11.0 0.0 0.0
34 12.0 0.0 0.0
35 13.0 0.0 0.0
36 14.0 0.0 0.0
37 15.0 0.0 0.0
38 16.0 0.0 0.0
39 17.0 0.0 0.0
40 18.0 0.0 0.0
41 19.0 0.0 0.0
42 20.0 0.0 0.0
TABLE_4_7
N 42

1 0.000001 0.022629 0.0
2 1.0 0.022629 0.0
3 2.0 0.022629 0.0
4 3.0 0.022629 0.0
5 4.0 0.022629 0.0
6 5.0 0.022629 0.0
7 6.0 0.022629 0.0
8 6.066797454545455 0.022629 0.0
9 6.13359490909091 0.022629 0.0
10 6.2003923636363645 0.022629 0.0
11 6.267189818181819 0.022629 0.0
12 6.333987272727274 0.022629 0.0
13 6.400784727272729 0.022629 0.0
14 6.467582181818184 0.022629 0.0
15 6.534379636363639 0.022629 0.0
16 6.601177090909093 0.022629 0.0
17 6.667974545454548 0.022629 0.0
18 6.734772 0.0 0.0
19 6.758883636363636 0.0 0.0
20 6.782995272727272 0.0 0.0
21 6.807106909090908 0.0 0.0
22 6.831218545454544 0.0 0.0
23 6.85533018181818 0.0 0.0
24 6.879441818181816 0.0 0.0
25 6.903553454545452 0.0 0.0
26 6.927665090909088 0.0 0.0
27 6.951776727272724 0.0 0.0
28 6.9758883636363604 0.0 0.0
29 7.0 0.0 0.0
30 8.0 0.0 0.0
31 9.0 0.0 0.0
32 10.0 0.0 0.0
33 11.0 0.0 0.0
34 12.0 0.0 0.0
35 13.0 0.0 0.0
36 14.0 0.0 0.0
37 15.0 0.0 0.0
38 16.0 0.0 0.0
39 17.0 0.0 0.0
40 18.0 0.0 0.0
41 19.0 0.0 0.0
42 20.0 0.0 0.0
TABLE_4_9
N 42

1 0.000001 0.08863 0.0
2 1.0 0.08863 0.0
3 2.0 0.08863 0.0
4 3.0 0.08863 0.0
5 4.0 0.08863 0.0
6 5.0 0.08863 0.0
7 6.0 0.08863 0.0
8 6.081083363636363 0.08863 0.0
9 6.1621667272727265 0.08863 0.0
10 6.24325009090909 0.08863 0.0
11 6.324333454545453 0.08863 0.0
12 6.405416818181816 0.08863 0.0
13 6.4865001818181796 0.08863 0.0
14 6.567583545454543 0.08863 0.0
15 6.648666909090906 0.08863 0.0
16 6.729750272727269 0.08863 0.0
17 6.810833636363633 0.08863 0.0
18 6.891917 0.0 0.0
19 6.901742727272728 0.0 0.0
20 6.911568454545455 0.0 0.0
21 6.921394181818183 0.0 0.0
22 6.931219909090911 0.0 0.0
23 6.941045636363638 0.0 0.0
24 6.950871363636366 0.0 0.0
25 6.960697090909093 0.0 0.0
26 6.970522818181821 0.0 0.0
27 6.980348545454548 0.0 0.0
28 6.990174272727276 0.0 0.0
29 7.0 0.0 0.0
30 8.0 0.0 0.0
31 9.0 0.0 0.0
32 10.0 0.0 0.0
33 11.0 0.0 0.0
34 12.0 0.0 0.0
35 13.0 0.0 0.0
36 14.0 0.0 0.0
37 15.0 0.0 0.0
38 16.0 0.0 0.0
39 17.0 0.0 0.0
40 18.0 0.0 0.0
41 19.0 0.0 0.0
42 20.0 0.0 0.0
TABLE_4_12
N 42

1 0.000001 0.143316 0.0
2 1.0 0.143316 0.0
3 2.0 0.143316 0.0
4 3.0 0.143316 0.0
5 4.0 0.143316 0.0
6 5.0 0.143316 0.0
7 6.0 0.143316 0.0
8 6.0463890909090905 0.143316 0.0
9 6.092778181818181 0.143316 0.0
10 6.1391672727272715 0.143316 0.0
11 6.185556363636362 0.143316 0.0
12 6.2319454545454525 0.143316 0.0
13 6.278334545454543 0.143316 0.0
14 6.324723636363633 0.143316 0.0
15 6.371112727272724 0.143316 0.0
16 6.417501818181814 0.143316 0.0
17 6.463890909090905 0.143316 0.0
18 6.51028 0.0 0.0
19 6.5548 0.0 0.0
20 6.5993200000000005 0.0 0.0
21 6.643840000000001 0.0 0.0
22 6.688360000000001 0.0 0.0
23 6.7328800000000015 0.0 0.0
24 6.777400000000002 0.0 0.0
25 6.821920000000002 0.0 0.0
26 6.8664400000000025 0.0 0.0
27 6.910960000000003 0.0 0.0
28 6.955480000000003 0.0 0.0
29 7.0 0.0 0.0
30 8.0 0.0 0.0
31 9.0 0.0 0.0
32 10.0 0.0 0.0
33 11.0 0.0 0.0
34 12.0 0.0 0.0
35 13.0 0.0 0.0
36 14.0 0.0 0.0
37 15.0 0.0 0.0
38 16.0 0.0 0.0
39 17.0 0.0 0.0
40 18.0 0.0 0.0
41 19.0 0.0 0.0
42 20.0 0.0 0.0
TABLE_4_13
N 42

1 0.000001 0.19046 0.0
2 1.0 0.19046 0.0
3 2.0 0.19046 0.0
4 3.0 0.19046 0.0
5 4.0 0.19046 0.0
6 5.0 0.19046 0.0
7 6.0 0.19046 0.0
8 6.040266545454545 0.19046 0.0
9 6.080533090909091 0.19046 0.0
10 6.120799636363636 0.19046 0.0
11 6.161066181818182 0.19046 0.0
12 6.201332727272727 0.19046 0.0
13 6.241599272727273 0.19046 0.0
14 6.281865818181818 0.19046 0.0
15 6.3221323636363636 0.19046 0.0
16 6.362398909090909 0.19046 0.0
17 6.402665454545454 0.19046 0.0
18 6.442932 0.0 0.0
19 6.493574545454545 0.0 0.0
20 6.544217090909091 0.0 0.0
21 6.594859636363636 0.0 0.0
22 6.645502181818181 0.0 0.0
23 6.696144727272727 0.0 0.0
24 6.746787272727272 0.0 0.0
25 6.797429818181818 0.0 0.0
26 6.848072363636363 0.0 0.0
27 6.898714909090908 0.0 0.0
28 6.949357454545454 0.0 0.0
29 7.0 0.0 0.0
30 8.0 0.0 0.0
31 9.0 0.0 0.0
32 10.0 0.0 0.0
33 11.0 0.0 0.0
34 12.0 0.0 0.0
35 13.0 0.0 0.0
36 14.0 0.0 0.0
37 15.0 0.0 0.0
38 16.0 0.0 0.0
39 17.0 0.0 0.0
40 18.0 0.0 0.0
41 19.0 0.0 0.0
42 20.0 0.0 0.0
TABLE_4_14
N 42

1 0.000001 0.160288 0.0
2 1.0 0.160288 0.0
3 2.0 0.160288 0.0
4 3.0 0.160288 0.0
5 4.0 0.160288 0.0
6 5.0 0.160288 0.0
7 6.0 0.160288 0.0
8 6.063736181818181 0.160288 0.0
9 6.127472363636363 0.160288 0.0
10 6.191208545454544 0.160288 0.0
11 6.254944727272726 0.160288 0.0
12 6.318680909090907 0.160288 0.0
13 6.3824170909090885 0.160288 0.0
14 6.44615327272727 0.160288 0.0
15 6.509889454545451 0.160288 0.0
16 6.573625636363633 0.160288 0.0
17 6.637361818181814 0.160288 0.0
18 6.701098 0.0 0.0
19 6.728270909090909 0.0 0.0
20 6.755443818181819 0.0 0.0
21 6.782616727272728 0.0 0.0
22 6.809789636363638 0.0 0.0
23 6.836962545454547 0.0 0.0
24 6.8641354545454565 0.0 0.0
25 6.891308363636366 0.0 0.0
26 6.918481272727275 0.0 0.0
27 6.945654181818185 0.0 0.0
28 6.972827090909094 0.0 0.0
29 7.0 0.0 0.0
30 8.0 0.0 0.0
31 9.0 0.0 0.0
32 10.0 0.0 0.0
33 11.0 0.0 0.0
34 12.0 0.0 0.0
35 13.0 0.0 0.0
36 14.0 0.0 0.0
37 15.0 0.0 0.0
38 16.0 0.0 0.0
39 17.0 0.0 0.0
40 18.0 0.0 0.0
41 19.0 0.0 0.0
42 20.0 0.0 0.0
TABLE_4_16
N 42

1 0.000001 0.148973 0.0
2 1.0 0.148973 0.0
3 2.0 0.148973 0.0
4 3.0 0.148973 0.0
5 4.0 0.148973 0.0
6 5.0 0.148973 0.0
7 6.0 0.148973 0.0
8 6.020878545454545 0.148973 0.0
9 6.0417570909090905 0.148973 0.0
10 6.062635636363636 0.148973 0.0
11 6.083514181818181 0.148973 0.0
12 6.104392727272726 0.148973 0.0
13 6.125271272727272 0.148973 0.0
14 6.146149818181817 0.148973 0.0
15 6.167028363636362 0.148973 0.0
16 6.187906909090907 0.148973 0.0
17 6.208785454545453 0.148973 0.0
18 6.229664 0.0 0.0
19 6.299694545454545 0.0 0.0
20 6.369725090909091 0.0 0.0
21 6.439755636363636 0.0 0.0
22 6.509786181818182 0.0 0.0
23 6.5798167272727275 0.0 0.0
24 6.649847272727273 0.0 0.0
25 6.719877818181819 0.0 0.0
26 6.789908363636364 0.0 0.0
27 6.85993890909091 0.0 0.0
28 6.929969454545455 0.0 0.0
29 7.0 0.0 0.0
30 8.0 0.0 0.0
31 9.0 0.0 0.0
32 10.0 0.0 0.0
33 11.0 0.0 0.0
34 12.0 0.0 0.0
35 13.0 0.0 0.0
36 14.0 0.0 0.0
37 15.0 0.0 0.0
38 16.0 0.0 0.0
39 17.0 0.0 0.0
40 18.0 0.0 0.0
41 19.0 0.0 0.0
42 20.0 0.0 0.0
TABLE_4_17
N 42

1 0.000001 0.099944 0.0
2 1.0 0.099944 0.0
3 2.0 0.099944 0.0
4 3.0 0.099944 0.0
5 4.0 0.099944 0.0
6 5.0 0.099944 0.0
7 6.0 0.099944 0.0
8 6.043327818181818 0.099944 0.0
9 6.086655636363636 0.099944 0.0
10 6.129983454545454 0.099944 0.0
11 6.173311272727272 0.099944 0.0
12 6.21663909090909 0.099944 0.0
13 6.259966909090908 0.099944 0.0
14 6.303294727272726 0.099944 0.0
15 6.346622545454544 0.099944 0.0
16 6.389950363636362 0.099944 0.0
17 6.43327818181818 0.099944 0.0
18 6.476606 0.0 0.0
19 6.524187272727273 0.0 0.0
20 6.571768545454546 0.0 0.0
21 6.619349818181819 0.0 0.0
22 6.666931090909092 0.0 0.0
23 6.714512363636365 0.0 0.0
24 6.7620936363636375 0.0 0.0
25 6.80967490909091 0.0 0.0
26 6.857256181818183 0.0 0.0
27 6.904837454545456 0.0 0.0
28 6.952418727272729 0.0 0.0
29 7.0 0.0 0.0
30 8.0 0.0 0.0
31 9.0 0.0 0.0
32 10.0 0.0 0.0
33 11.0 0.0 0.0
34 12.0 0.0 0.0
35 13.0 0.0 0.0
36 14.0 0.0 0.0
37 15.0 0.0 0.0
38 16.0 0.0 0.0
39 17.0 0.0 0.0
40 18.0 0.0 0.0
41 19.0 0.0 0.0
42 20.0 0.0 0.0
TABLE_6_6
N 42

1 0.000001 0.005657 0.0
2 1.0 0.005657 0.0
3 2.0 0.005657 0.0
4 3.0 0.005657 0.0
5 4.0 0.005657 0.0
6 5.0 0.005657 0.0
7 5.004643545454545 0.005657 0.0
8 5.0092870909090905 0.005657 0.0
9 5.013930636363636 0.005657 0.0
10 5.018574181818181 0.005657 0.0
11 5.023217727272726 0.005657 0.0
12 5.027861272727272 0.005657 0.0
13 5.032504818181817 0.005657 0.0
14 5.037148363636362 0.005657 0.0
15 5.041791909090907 0.005657 0.0
16 5.046435454545453 0.005657 0.0
17 5.051079 0.0 0.0
18 5.137344545454545 0.0 0.0
19 5.223610090909091 0.0 0.0
20 5.309875636363636 0.0 0.0
21 5.396141181818182 0.0 0.0
22 5.4824067272727275 0.0 0.0
23 5.568672272727273 0.0 0.0
24 5.654937818181819 0.0 0.0
25 5.741203363636364 0.0 0.0
26 5.82746890909091 0.0 0.0
27 5.913734454545455 0.0 0.0
28 6.0 0.0 0.0
29 7.0 0.0 0.0
30 8.0 0.0 0.0
31 9.0 0.0 0.0
32 10.0 0.0 0.0
33 11.0 0.0 0.0
34 12.0 0.0 0.0
35 13.0 0.0 0.0
36 14.0 0.0 0.0
37 15.0 0.0 0.0
38 16.0 0.0 0.0
39 17.0 0.0 0.0
40 18.0 0.0 0.0
41 19.0 0.0 0.0
42 20.0 0.0 0.0
TABLE_6_7
N 42

1 0.000001 0.022629 0.0
2 1.0 0.022629 0.0
3 2.0 0.022629 0.0
4 3.0 0.022629 0.0
5 4.0 0.022629 0.0
6 5.0 0.022629 0.0
7 5.085256727272728 0.022629 0.0
8 5.170513454545455 0.022629 0.0
9 5.255770181818183 0.022629 0.0
10 5.34102690909091 0.022629 0.0
11 5.426283636363638 0.022629 0.0
12 5.511540363636366 0.022629 0.0
13 5.596797090909093 0.022629 0.0
14 5.682053818181821 0.022629 0.0
15 5.767310545454548 0.022629 0.0
16 5.852567272727276 0.022629 0.0
17 5.937824 0.0 0.0
18 5.943476363636363 0.0 0.0
19 5.9491287272727265 0.0 0.0
20 5.95478109090909 0.0 0.0
21 5.960433454545453 0.0 0.0
22 5.966085818181816 0.0 0.0
23 5.971738181818179 0.0 0.0
24 5.977390545454543 0.0 0.0
25 5.983042909090906 0.0 0.0
26 5.988695272727269 0.0 0.0
27 5.994347636363632 0.0 0.0
28 6.0 0.0 0.0
29 7.0 0.0 0.0
30 8.0 0.0 0.0
31 9.0 0.0 0.0
32 10.0 0.0 0.0
33 11.0 0.0 0.0
34 12.0 0.0 0.0
35 13.0 0.0 0.0
36 14.0 0.0 0.0
37 15.0 0.0 0.0
38 16.0 0.0 0.0
39 17.0 0.0 0.0
40 18.0 0.0 0.0
41 19.0 0.0 0.0
42 20.0 0.0 0.0
TABLE_6_9
N 42

1 0.000001 0.211203 0.0
2 1.0 0.211203 0.0
3 2.0 0.211203 0.0
4 3.0 0.211203 0.0
5 4.0 0.211203 0.0
6 5.0 0.211203 0.0
7 6.0 0.211203 0.0
8 6.008633545454545 0.211203 0.0
9 6.01726709090909 0.211203 0.0
10 6.025900636363636 0.211203 0.0
11 6.034534181818181 0.211203 0.0
12 6.043167727272726 0.211203 0.0
13 6.051801272727271 0.211203 0.0
14 6.060434818181816 0.211203 0.0
15 6.069068363636362 0.211203 0.0
16 6.077701909090907 0.211203 0.0
17 6.086335454545452 0.211203 0.0
18 6.094969 0.0 0.0
19 6.1772445454545455 0.0 0.0
20 6.259520090909091 0.0 0.0
21 6.341795636363637 0.0 0.0
22 6.424071181818182 0.0 0.0
23 6.506346727272728 0.0 0.0
24 6.588622272727274 0.0 0.0
25 6.670897818181819 0.0 0.0
26 6.753173363636365 0.0 0.0
27 6.8354489090909105 0.0 0.0
28 6.917724454545456 0.0 0.0
29 7.0 0.0 0.0
30 8.0 0.0 0.0
31 9.0 0.0 0.0
32 10.0 0.0 0.0
33 11.0 0.0 0.0
34 12.0 0.0 0.0
35 13.0 0.0 0.0
36 14.0 0.0 0.0
37 15.0 0.0 0.0
38 16.0 0.0 0.0
39 17.0 0.0 0.0
40 18.0 0.0 0.0
41 19.0 0.0 0.0
42 20.0 0.0 0.0
TABLE_6_12
N 42

1 0.000001 0.099944 0.0
2 1.0 0.099944 0.0
3 2.0 0.099944 0.0
4 3.0 0.099944 0.0
5 4.0 0.099944 0.0
6 5.0 0.099944 0.0
7 5.064848363636363 0.099944 0.0
8 5.1296967272727265 0.099944 0.0
9 5.19454509090909 0.099944 0.0
10 5.259393454545453 0.099944 0.0
11 5.324241818181816 0.099944 0.0
12 5.38909018181818 0.099944 0.0
13 5.453938545454543 0.099944 0.0
14 5.518786909090906 0.099944 0.0
15 5.583635272727269 0.099944 0.0
16 5.648483636363633 0.099944 0.0
17 5.713332 0.0 0.0
18 5.739392727272728 0.0 0.0
19 5.765453454545455 0.0 0.0
20 5.791514181818183 0.0 0.0
21 5.817574909090911 0.0 0.0
22 5.843635636363638 0.0 0.0
23 5.869696363636366 0.0 0.0
24 5.895757090909093 0.0 0.0
25 5.921817818181821 0.0 0.0
26 5.947878545454548 0.0 0.0
27 5.973939272727276 0.0 0.0
28 6.0 0.0 0.0
29 7.0 0.0 0.0
30 8.0 0.0 0.0
31 9.0 0.0 0.0
32 10.0 0.0 0.0
33 11.0 0.0 0.0
34 12.0 0.0 0.0
35 13.0 0.0 0.0
36 14.0 0.0 0.0
37 15.0 0.0 0.0
38 16.0 0.0 0.0
39 17.0 0.0 0.0
40 18.0 0.0 0.0
41 19.0 0.0 0.0
42 20.0 0.0 0.0
TABLE_6_13
N 42

1 0.000001 0.07543 0.0
2 1.0 0.07543 0.0
3 2.0 0.07543 0.0
4 3.0 0.07543 0.0
5 4.0 0.07543 0.0
6 5.0 0.07543 0.0
7 5.058725818181818 0.07543 0.0
8 5.117451636363636 0.07543 0.0
9 5.176177454545455 0.07543 0.0
10 5.234903272727273 0.07543 0.0
11 5.293629090909091 0.07543 0.0
12 5.352354909090909 0.07543 0.0
13 5.4110807272727275 0.07543 0.0
14 5.469806545454546 0.07543 0.0
15 5.528532363636364 0.07543 0.0
16 5.587258181818182 0.07543 0.0
17 5.645984 0.0 0.0
18 5.678167272727273 0.0 0.0
19 5.710350545454546 0.0 0.0
20 5.742533818181818 0.0 0.0
21 5.774717090909091 0.0 0.0
22 5.806900363636363 0.0 0.0
23 5.839083636363636 0.0 0.0
24 5.871266909090909 0.0 0.0
25 5.903450181818181 0.0 0.0
26 5.935633454545454 0.0 0.0
27 5.9678167272727265 0.0 0.0
28 6.0 0.0 0.0
29 7.0 0.0 0.0
30 8.0 0.0 0.0
31 9.0 0.0 0.0
32 10.0 0.0 0.0
33 11.0 0.0 0.0
34 12.0 0.0 0.0
35 13.0 0.0 0.0
36 14.0 0.0 0.0
37 15.0 0.0 0.0
38 16.0 0.0 0.0
39 17.0 0.0 0.0
40 18.0 0.0 0.0
41 19.0 0.0 0.0
42 20.0 0.0 0.0
TABLE_6_14
N 42

1 0.000001 0.11503 0.0
2 1.0 0.11503 0.0
3 2.0 0.11503 0.0
4 3.0 0.11503 0.0
5 4.0 0.11503 0.0
6 5.0 0.11503 0.0
7 5.082195454545454 0.11503 0.0
8 5.164390909090908 0.11503 0.0
9 5.2465863636363625 0.11503 0.0
10 5.328781818181817 0.11503 0.0
11 5.410977272727271 0.11503 0.0
12 5.493172727272725 0.11503 0.0
13 5.575368181818179 0.11503 0.0
14 5.6575636363636335 0.11503 0.0
15 5.739759090909088 0.11503 0.0
16 5.821954545454542 0.11503 0.0
17 5.90415 0.0 0.0
18 5.912863636363636 0.0 0.0
19 5.921577272727273 0.0 0.0
20 5.9302909090909095 0.0 0.0
21 5.939004545454546 0.0 0.0
22 5.947718181818183 0.0 0.0
23 5.956431818181819 0.0 0.0
24 5.965145454545456 0.0 0.0
25 5.973859090909093 0.0 0.0
26 5.982572727272729 0.0 0.0
27 5.991286363636366 0.0 0.0
28 6.0 0.0 0.0
29 7.0 0.0 0.0
30 8.0 0.0 0.0
31 9.0 0.0 0.0
32 10.0 0.0 0.0
33 11.0 0.0 0.0
34 12.0 0.0 0.0
35 13.0 0.0 0.0
36 14.0 0.0 0.0
37 15.0 0.0 0.0
38 16.0 0.0 0.0
39 17.0 0.0 0.0
40 18.0 0.0 0.0
41 19.0 0.0 0.0
42 20.0 0.0 0.0
TABLE_6_15
N 42

1 0.000001 0.103716 0.0
2 1.0 0.103716 0.0
3 2.0 0.103716 0.0
4 3.0 0.103716 0.0
5 4.0 0.103716 0.0
6 5.0 0.103716 0.0
7 6.0 0.103716 0.0
8 6.018837727272727 0.103716 0.0
9 6.037675454545454 0.103716 0.0
10 6.056513181818181 0.103716 0.0
11 6.075350909090908 0.103716 0.0
12 6.094188636363635 0.103716 0.0
13 6.1130263636363615 0.103716 0.0
14 6.1318640909090885 0.103716 0.0
15 6.150701818181815 0.103716 0.0
16 6.169539545454542 0.103716 0.0
17 6.188377272727269 0.103716 0.0
18 6.207215 0.0 0.0
19 6.279286363636364 0.0 0.0
20 6.3513577272727275 0.0 0.0
21 6.423429090909091 0.0 0.0
22 6.495500454545455 0.0 0.0
23 6.567571818181819 0.0 0.0
24 6.639643181818183 0.0 0.0
25 6.711714545454547 0.0 0.0
26 6.783785909090911 0.0 0.0
27 6.855857272727275 0.0 0.0
28 6.927928636363639 0.0 0.0
29 7.0 0.0 0.0
30 8.0 0.0 0.0
31 9.0 0.0 0.0
32 10.0 0.0 0.0
33 11.0 0.0 0.0
34 12.0 0.0 0.0
35 13.0 0.0 0.0
36 14.0 0.0 0.0
37 15.0 0.0 0.0
38 16.0 0.0 0.0
39 17.0 0.0 0.0
40 18.0 0.0 0.0
41 19.0 0.0 0.0
42 20.0 0.0 0.0
TABLE_6_16
N 42

1 0.000001 0.084858 0.0
2 1.0 0.084858 0.0
3 2.0 0.084858 0.0
4 3.0 0.084858 0.0
5 4.0 0.084858 0.0
6 5.0 0.084858 0.0
7 5.039337818181818 0.084858 0.0
8 5.078675636363636 0.084858 0.0
9 5.118013454545454 0.084858 0.0
10 5.157351272727272 0.084858 0.0
11 5.19668909090909 0.084858 0.0
12 5.236026909090908 0.084858 0.0
13 5.275364727272726 0.084858 0.0
14 5.314702545454544 0.084858 0.0
15 5.354040363636362 0.084858 0.0
16 5.39337818181818 0.084858 0.0
17 5.432716 0.0 0.0
18 5.484287272727273 0.0 0.0
19 5.535858545454546 0.0 0.0
20 5.5874298181818185 0.0 0.0
21 5.639001090909091 0.0 0.0
22 5.690572363636364 0.0 0.0
23 5.742143636363637 0.0 0.0
24 5.79371490909091 0.0 0.0
25 5.8452861818181825 0.0 0.0
26 5.896857454545455 0.0 0.0
27 5.948428727272728 0.0 0.0
28 6.0 0.0 0.0
29 7.0 0.0 0.0
30 8.0 0.0 0.0
31 9.0 0.0 0.0
32 10.0 0.0 0.0
33 11.0 0.0 0.0
34 12.0 0.0 0.0
35 13.0 0.0 0.0
36 14.0 0.0 0.0
37 15.0 0.0 0.0
38 16.0 0.0 0.0
39 17.0 0.0 0.0
40 18.0 0.0 0.0
41 19.0 0.0 0.0
42 20.0 0.0 0.0
TABLE_6_17
N 42

1 0.000001 0.035829 0.0
2 1.0 0.035829 0.0
3 2.0 0.035829 0.0
4 3.0 0.035829 0.0
5 4.0 0.035829 0.0
6 5.0 0.035829 0.0
7 5.061787090909091 0.035829 0.0
8 5.1235741818181815 0.035829 0.0
9 5.185361272727272 0.035829 0.0
10 5.247148363636363 0.035829 0.0
11 5.308935454545454 0.035829 0.0
12 5.370722545454544 0.035829 0.0
13 5.432509636363635 0.035829 0.0
14 5.494296727272726 0.035829 0.0
15 5.556083818181817 0.035829 0.0
16 5.617870909090907 0.035829 0.0
17 5.679658 0.0 0.0
18 5.70878 0.0 0.0
19 5.737902 0.0 0.0
20 5.767024 0.0 0.0
21 5.796146 0.0 0.0
22 5.825268 0.0 0.0
23 5.85439 0.0 0.0
24 5.8835120000000005 0.0 0.0
25 5.912634000000001 0.0 0.0
26 5.941756000000001 0.0 0.0
27 5.970878000000001 0.0 0.0
28 6.0 0.0 0.0
29 7.0 0.0 0.0
30 8.0 0.0 0.0
31 9.0 0.0 0.0
32 10.0 0.0 0.0
33 11.0 0.0 0.0
34 12.0 0.0 0.0
35 13.0 0.0 0.0
36 14.0 0.0 0.0
37 15.0 0.0 0.0
38 16.0 0.0 0.0
39 17.0 0.0 0.0
40 18.0 0.0 0.0
41 19.0 0.0 0.0
42 20.0 0.0 0.0
TABLE_7_9
N 42

1 0.000001 0.173488 0.0
2 1.0 0.173488 0.0
3 2.0 0.173488 0.0
4 3.0 0.173488 0.0
5 4.0 0.173488 0.0
6 5.0 0.173488 0.0
7 6.0 0.173488 0.0
8 6.0892467272727275 0.173488 0.0
9 6.178493454545455 0.173488 0.0
10 6.267740181818183 0.173488 0.0
11 6.35698690909091 0.173488 0.0
12 6.446233636363638 0.173488 0.0
13 6.535480363636365 0.173488 0.0
14 6.624727090909093 0.173488 0.0
15 6.71397381818182 0.173488 0.0
16 6.803220545454548 0.173488 0.0
17 6.892467272727275 0.173488 0.0
18 6.981714 0.0 0.0
19 6.9833763636363635 0.0 0.0
20 6.985038727272727 0.0 0.0
21 6.98670109090909 0.0 0.0
22 6.988363454545453 0.0 0.0
23 6.990025818181817 0.0 0.0
24 6.99168818181818 0.0 0.0
25 6.993350545454543 0.0 0.0
26 6.995012909090907 0.0 0.0
27 6.99667527272727 0.0 0.0
28 6.998337636363633 0.0 0.0
29 7.0 0.0 0.0
30 8.0 0.0 0.0
31 9.0 0.0 0.0
32 10.0 0.0 0.0
33 11.0 0.0 0.0
34 12.0 0.0 0.0
35 13.0 0.0 0.0
36 14.0 0.0 0.0
37 15.0 0.0 0.0
38 16.0 0.0 0.0
39 17.0 0.0 0.0
40 18.0 0.0 0.0
41 19.0 0.0 0.0
42 20.0 0.0 0.0
TABLE_7_12
N 42

1 0.000001 0.035829 0.0
2 1.0 0.035829 0.0
3 2.0 0.035829 0.0
4 3.0 0.035829 0.0
5 4.0 0.035829 0.0
6 5.0 0.035829 0.0
7 6.0 0.035829 0.0
8 6.054552454545455 0.035829 0.0
9 6.1091049090909095 0.035829 0.0
10 6.163657363636364 0.035829 0.0
11 6.218209818181819 0.035829 0.0
12 6.272762272727274 0.035829 0.0
13 6.327314727272729 0.035829 0.0
14 6.381867181818183 0.035829 0.0
15 6.436419636363638 0.035829 0.0
16 6.490972090909093 0.035829 0.0
17 6.545524545454548 0.035829 0.0
18 6.600077 0.0 0.0
19 6.636433636363636 0.0 0.0
20 6.672790272727272 0.0 0.0
21 6.709146909090908 0.0 0.0
22 6.745503545454544 0.0 0.0
23 6.78186018181818 0.0 0.0
24 6.818216818181816 0.0 0.0
25 6.854573454545452 0.0 0.0
26 6.890930090909088 0.0 0.0
27 6.927286727272724 0.0 0.0
28 6.96364336363636 0.0 0.0
29 7.0 0.0 0.0
30 8.0 0.0 0.0
31 9.0 0.0 0.0
32 10.0 0.0 0.0
33 11.0 0.0 0.0
34 12.0 0.0 0.0
35 13.0 0.0 0.0
36 14.0 0.0 0.0
37 15.0 0.0 0.0
38 16.0 0.0 0.0
39 17.0 0.0 0.0
40 18.0 0.0 0.0
41 19.0 0.0 0.0
42 20.0 0.0 0.0
TABLE_7_13
N 42

1 0.000001 0.003771 0.0
2 1.0 0.003771 0.0
3 2.0 0.003771 0.0
4 3.0 0.003771 0.0
5 4.0 0.003771 0.0
6 5.0 0.003771 0.0
7 6.0 0.003771 0.0
8 6.048429909090909 0.003771 0.0
9 6.096859818181818 0.003771 0.0
10 6.1452897272727265 0.003771 0.0
11 6.193719636363635 0.003771 0.0
12 6.242149545454544 0.003771 0.0
13 6.290579454545453 0.003771 0.0
14 6.339009363636362 0.003771 0.0
15 6.387439272727271 0.003771 0.0
16 6.4358691818181795 0.003771 0.0
17 6.484299090909088 0.003771 0.0
18 6.532729 0.0 0.0
19 6.575208181818182 0.0 0.0
20 6.617687363636364 0.0 0.0
21 6.660166545454546 0.0 0.0
22 6.702645727272728 0.0 0.0
23 6.74512490909091 0.0 0.0
24 6.787604090909092 0.0 0.0
25 6.830083272727274 0.0 0.0
26 6.872562454545456 0.0 0.0
27 6.915041636363638 0.0 0.0
28 6.95752081818182 0.0 0.0
29 7.0 0.0 0.0
30 8.0 0.0 0.0
31 9.0 0.0 0.0
32 10.0 0.0 0.0
33 11.0 0.0 0.0
34 12.0 0.0 0.0
35 13.0 0.0 0.0
36 14.0 0.0 0.0
37 15.0 0.0 0.0
38 16.0 0.0 0.0
39 17.0 0.0 0.0
40 18.0 0.0 0.0
41 19.0 0.0 0.0
42 20.0 0.0 0.0
TABLE_7_14
N 42

1 0.000001 0.054686 0.0
2 1.0 0.054686 0.0
3 2.0 0.054686 0.0
4 3.0 0.054686 0.0
5 4.0 0.054686 0.0
6 5.0 0.054686 0.0
7 6.0 0.054686 0.0
8 6.071899545454546 0.054686 0.0
9 6.143799090909091 0.054686 0.0
10 6.215698636363637 0.054686 0.0
11 6.287598181818183 0.054686 0.0
12 6.359497727272728 0.054686 0.0
13 6.431397272727274 0.054686 0.0
14 6.50329681818182 0.054686 0.0
15 6.5751963636363655 0.054686 0.0
16 6.647095909090911 0.054686 0.0
17 6.718995454545457 0.054686 0.0
18 6.790895 0.0 0.0
19 6.809904545454545 0.0 0.0
20 6.82891409090909 0.0 0.0
21 6.847923636363635 0.0 0.0
22 6.8669331818181805 0.0 0.0
23 6.885942727272726 0.0 0.0
24 6.904952272727271 0.0 0.0
25 6.923961818181816 0.0 0.0
26 6.942971363636361 0.0 0.0
27 6.961980909090906 0.0 0.0
28 6.980990454545451 0.0 0.0
29 7.0 0.0 0.0
30 8.0 0.0 0.0
31 9.0 0.0 0.0
32 10.0 0.0 0.0
33 11.0 0.0 0.0
34 12.0 0.0 0.0
35 13.0 0.0 0.0
36 14.0 0.0 0.0
37 15.0 0.0 0.0
38 16.0 0.0 0.0
39 17.0 0.0 0.0
40 18.0 0.0 0.0
41 19.0 0.0 0.0
42 20.0 0.0 0.0
TABLE_7_15
N 42

1 0.000001 0.020743 0.0
2 1.0 0.020743 0.0
3 2.0 0.020743 0.0
4 3.0 0.020743 0.0
5 4.0 0.020743 0.0
6 5.0 0.020743 0.0
7 6.0 0.020743 0.0
8 7.0 0.020743 0.0
9 7.008541818181818 0.020743 0.0
10 7.017083636363637 0.020743 0.0
11 7.025625454545455 0.020743 0.0
12 7.034167272727274 0.020743 0.0
13 7.042709090909092 0.020743 0.0
14 7.051250909090911 0.020743 0.0
15 7.059792727272729 0.020743 0.0
16 7.068334545454547 0.020743 0.0
17 7.076876363636366 0.020743 0.0
18 7.085418181818184 0.020743 0.0
19 7.09396 0.0 0.0
20 7.176327272727272 0.0 0.0
21 7.258694545454545 0.0 0.0
22 7.341061818181817 0.0 0.0
23 7.42342909090909 0.0 0.0
24 7.505796363636362 0.0 0.0
25 7.5881636363636344 0.0 0.0
26 7.670530909090907 0.0 0.0
27 7.752898181818179 0.0 0.0
28 7.835265454545452 0.0 0.0
29 7.917632727272724 0.0 0.0
30 8.0 0.0 0.0
31 9.0 0.0 0.0
32 10.0 0.0 0.0
33 11.0 0.0 0.0
34 12.0 0.0 0.0
35 13.0 0.0 0.0
36 14.0 0.0 0.0
37 15.0 0.0 0.0
38 16.0 0.0 0.0
39 17.0 0.0 0.0
40 18.0 0.0 0.0
41 19.0 0.0 0.0
42 20.0 0.0 0.0
TABLE_7_16
N 42

1 0.000001 0.030172 0.0
2 1.0 0.030172 0.0
3 2.0 0.030172 0.0
4 3.0 0.030172 0.0
5 4.0 0.030172 0.0
6 5.0 0.030172 0.0
7 6.0 0.030172 0.0
8 6.0290419090909095 0.030172 0.0
9 6.058083818181819 0.030172 0.0
10 6.087125727272729 0.030172 0.0
11 6.116167636363638 0.030172 0.0
12 6.145209545454548 0.030172 0.0
13 6.174251454545457 0.030172 0.0
14 6.203293363636367 0.030172 0.0
15 6.232335272727276 0.030172 0.0
16 6.261377181818186 0.030172 0.0
17 6.290419090909095 0.030172 0.0
18 6.319461 0.0 0.0
19 6.381328181818183 0.0 0.0
20 6.443195363636365 0.0 0.0
21 6.505062545454547 0.0 0.0
22 6.566929727272729 0.0 0.0
23 6.628796909090911 0.0 0.0
24 6.6906640909090935 0.0 0.0
25 6.752531272727276 0.0 0.0
26 6.814398454545458 0.0 0.0
27 6.87626563636364 0.0 0.0
28 6.938132818181822 0.0 0.0
29 7.0 0.0 0.0
30 8.0 0.0 0.0
31 9.0 0.0 0.0
32 10.0 0.0 0.0
33 11.0 0.0 0.0
34 12.0 0.0 0.0
35 13.0 0.0 0.0
36 14.0 0.0 0.0
37 15.0 0.0 0.0
38 16.0 0.0 0.0
39 17.0 0.0 0.0
40 18.0 0.0 0.0
41 19.0 0.0 0.0
42 20.0 0.0 0.0
TABLE_9_9
N 42

1 0.000001 0.405434 0.0
2 1.0 0.405434 0.0
3 2.0 0.405434 0.0
4 3.0 0.405434 0.0
5 4.0 0.405434 0.0
6 5.0 0.405434 0.0
7 6.0 0.405434 0.0
8 7.0 0.405434 0.0
9 7.012623545454545 0.405434 0.0
10 7.02524709090909 0.405434 0.0
11 7.037870636363635 0.405434 0.0
12 7.0504941818181806 0.405434 0.0
13 7.063117727272726 0.405434 0.0
14 7.075741272727271 0.405434 0.0
15 7.088364818181816 0.405434 0.0
16 7.100988363636361 0.405434 0.0
17 7.113611909090906 0.405434 0.0
18 7.126235454545451 0.405434 0.0
19 7.138859 0.0 0.0
20 7.217144545454546 0.0 0.0
21 7.2954300909090914 0.0 0.0
22 7.373715636363637 0.0 0.0
23 7.452001181818183 0.0 0.0
24 7.5302867272727285 0.0 0.0
25 7.608572272727274 0.0 0.0
26 7.68685781818182 0.0 0.0
27 7.765143363636366 0.0 0.0
28 7.843428909090911 0.0 0.0
29 7.921714454545457 0.0 0.0
30 8.0 0.0 0.0
31 9.0 0.0 0.0
32 10.0 0.0 0.0
33 11.0 0.0 0.0
34 12.0 0.0 0.0
35 13.0 0.0 0.0
36 14.0 0.0 0.0
37 15.0 0.0 0.0
38 16.0 0.0 0.0
39 17.0 0.0 0.0
40 18.0 0.0 0.0
41 19.0 0.0 0.0
42 20.0 0.0 0.0
TABLE_9_12
N 42

1 0.000001 0.199888 0.0
2 1.0 0.199888 0.0
3 2.0 0.199888 0.0
4 3.0 0.199888 0.0
5 4.0 0.199888 0.0
6 5.0 0.199888 0.0
7 6.0 0.199888 0.0
8 6.068838363636363 0.199888 0.0
9 6.137676727272726 0.199888 0.0
10 6.20651509090909 0.199888 0.0
11 6.275353454545453 0.199888 0.0
12 6.344191818181816 0.199888 0.0
13 6.413030181818179 0.199888 0.0
14 6.481868545454542 0.199888 0.0
15 6.550706909090906 0.199888 0.0
16 6.619545272727269 0.199888 0.0
17 6.688383636363632 0.199888 0.0
18 6.757222 0.0 0.0
19 6.779292727272727 0.0 0.0
20 6.801363454545455 0.0 0.0
21 6.8234341818181825 0.0 0.0
22 6.84550490909091 0.0 0.0
23 6.867575636363638 0.0 0.0
24 6.889646363636365 0.0 0.0
25 6.911717090909093 0.0 0.0
26 6.933787818181821 0.0 0.0
27 6.955858545454548 0.0 0.0
28 6.977929272727276 0.0 0.0
29 7.0 0.0 0.0
30 8.0 0.0 0.0
31 9.0 0.0 0.0
32 10.0 0.0 0.0
33 11.0 0.0 0.0
34 12.0 0.0 0.0
35 13.0 0.0 0.0
36 14.0 0.0 0.0
37 15.0 0.0 0.0
38 16.0 0.0 0.0
39 17.0 0.0 0.0
40 18.0 0.0 0.0
41 19.0 0.0 0.0
42 20.0 0.0 0.0
TABLE_9_13
N 42

1 0.000001 0.245146 0.0
2 1.0 0.245146 0.0
3 2.0 0.245146 0.0
4 3.0 0.245146 0.0
5 4.0 0.245146 0.0
6 5.0 0.245146 0.0
7 6.0 0.245146 0.0
8 6.062715818181818 0.245146 0.0
9 6.125431636363636 0.245146 0.0
10 6.1881474545454545 0.245146 0.0
11 6.250863272727273 0.245146 0.0
12 6.313579090909091 0.245146 0.0
13 6.376294909090909 0.245146 0.0
14 6.439010727272727 0.245146 0.0
15 6.501726545454545 0.245146 0.0
16 6.564442363636363 0.245146 0.0
17 6.6271581818181815 0.245146 0.0
18 6.689874 0.0 0.0
19 6.718067272727272 0.0 0.0
20 6.746260545454545 0.0 0.0
21 6.774453818181818 0.0 0.0
22 6.80264709090909 0.0 0.0
23 6.830840363636363 0.0 0.0
24 6.859033636363636 0.0 0.0
25 6.887226909090908 0.0 0.0
26 6.915420181818181 0.0 0.0
27 6.943613454545454 0.0 0.0
28 6.971806727272726 0.0 0.0
29 7.0 0.0 0.0
30 8.0 0.0 0.0
31 9.0 0.0 0.0
32 10.0 0.0 0.0
33 11.0 0.0 0.0
34 12.0 0.0 0.0
35 13.0 0.0 0.0
36 14.0 0.0 0.0
37 15.0 0.0 0.0
38 16.0 0.0 0.0
39 17.0 0.0 0.0
40 18.0 0.0 0.0
41 19.0 0.0 0.0
42 20.0 0.0 0.0
TABLE_9_14
N 42

1 0.000001 0.184803 0.0
2 1.0 0.184803 0.0
3 2.0 0.184803 0.0
4 3.0 0.184803 0.0
5 4.0 0.184803 0.0
6 5.0 0.184803 0.0
7 6.0 0.184803 0.0
8 6.086185454545454 0.184803 0.0
9 6.172370909090908 0.184803 0.0
10 6.258556363636362 0.184803 0.0
11 6.3447418181818165 0.184803 0.0
12 6.430927272727271 0.184803 0.0
13 6.517112727272725 0.184803 0.0
14 6.603298181818179 0.184803 0.0
15 6.689483636363633 0.184803 0.0
16 6.775669090909087 0.184803 0.0
17 6.861854545454541 0.184803 0.0
18 6.94804 0.0 0.0
19 6.9527636363636365 0.0 0.0
20 6.957487272727273 0.0 0.0
21 6.96221090909091 0.0 0.0
22 6.966934545454547 0.0 0.0
23 6.971658181818183 0.0 0.0
24 6.97638181818182 0.0 0.0
25 6.981105454545457 0.0 0.0
26 6.985829090909093 0.0 0.0
27 6.99055272727273 0.0 0.0
28 6.995276363636367 0.0 0.0
29 7.0 0.0 0.0
30 8.0 0.0 0.0
31 9.0 0.0 0.0
32 10.0 0.0 0.0
33 11.0 0.0 0.0
34 12.0 0.0 0.0
35 13.0 0.0 0.0
36 14.0 0.0 0.0
37 15.0 0.0 0.0
38 16.0 0.0 0.0
39 17.0 0.0 0.0
40 18.0 0.0 0.0
41 19.0 0.0 0.0
42 20.0 0.0 0.0
TABLE_9_15
N 42

1 0.000001 0.316804 0.0
2 1.0 0.316804 0.0
3 2.0 0.316804 0.0
4 3.0 0.316804 0.0
5 4.0 0.316804 0.0
6 5.0 0.316804 0.0
7 6.0 0.316804 0.0
8 7.0 0.316804 0.0
9 7.022827727272727 0.316804 0.0
10 7.045655454545454 0.316804 0.0
11 7.068483181818181 0.316804 0.0
12 7.091310909090907 0.316804 0.0
13 7.114138636363634 0.316804 0.0
14 7.136966363636361 0.316804 0.0
15 7.159794090909088 0.316804 0.0
16 7.182621818181815 0.316804 0.0
17 7.205449545454542 0.316804 0.0
18 7.228277272727269 0.316804 0.0
19 7.251105 0.0 0.0
20 7.319186363636364 0.0 0.0
21 7.387267727272728 0.0 0.0
22 7.455349090909092 0.0 0.0
23 7.523430454545456 0.0 0.0
24 7.59151181818182 0.0 0.0
25 7.659593181818184 0.0 0.0
26 7.727674545454548 0.0 0.0
27 7.795755909090912 0.0 0.0
28 7.863837272727276 0.0 0.0
29 7.93191863636364 0.0 0.0
30 8.0 0.0 0.0
31 9.0 0.0 0.0
32 10.0 0.0 0.0
33 11.0 0.0 0.0
34 12.0 0.0 0.0
35 13.0 0.0 0.0
36 14.0 0.0 0.0
37 15.0 0.0 0.0
38 16.0 0.0 0.0
39 17.0 0.0 0.0
40 18.0 0.0 0.0
41 19.0 0.0 0.0
42 20.0 0.0 0.0
TABLE_9_16
N 42

1 0.000001 0.23006 0.0
2 1.0 0.23006 0.0
3 2.0 0.23006 0.0
4 3.0 0.23006 0.0
5 4.0 0.23006 0.0
6 5.0 0.23006 0.0
7 6.0 0.23006 0.0
8 6.043327818181818 0.23006 0.0
9 6.086655636363636 0.23006 0.0
10 6.129983454545454 0.23006 0.0
11 6.173311272727272 0.23006 0.0
12 6.21663909090909 0.23006 0.0
13 6.259966909090908 0.23006 0.0
14 6.303294727272726 0.23006 0.0
15 6.346622545454544 0.23006 0.0
16 6.389950363636362 0.23006 0.0
17 6.43327818181818 0.23006 0.0
18 6.476606 0.0 0.0
19 6.524187272727273 0.0 0.0
20 6.571768545454546 0.0 0.0
21 6.619349818181819 0.0 0.0
22 6.666931090909092 0.0 0.0
23 6.714512363636365 0.0 0.0
24 6.7620936363636375 0.0 0.0
25 6.80967490909091 0.0 0.0
26 6.857256181818183 0.0 0.0
27 6.904837454545456 0.0 0.0
28 6.952418727272729 0.0 0.0
29 7.0 0.0 0.0
30 8.0 0.0 0.0
31 9.0 0.0 0.0
32 10.0 0.0 0.0
33 11.0 0.0 0.0
34 12.0 0.0 0.0
35 13.0 0.0 0.0
36 14.0 0.0 0.0
37 15.0 0.0 0.0
38 16.0 0.0 0.0
39 17.0 0.0 0.0
40 18.0 0.0 0.0
41 19.0 0.0 0.0
42 20.0 0.0 0.0
TABLE_9_17
N 42

1 0.000001 0.181031 0.0
2 1.0 0.181031 0.0
3 2.0 0.181031 0.0
4 3.0 0.181031 0.0
5 4.0 0.181031 0.0
6 5.0 0.181031 0.0
7 6.0 0.181031 0.0
8 6.065777090909091 0.181031 0.0
9 6.131554181818181 0.181031 0.0
10 6.197331272727272 0.181031 0.0
11 6.263108363636363 0.181031 0.0
12 6.328885454545453 0.181031 0.0
13 6.394662545454544 0.181031 0.0
14 6.460439636363635 0.181031 0.0
15 6.526216727272725 0.181031 0.0
16 6.591993818181816 0.181031 0.0
17 6.657770909090907 0.181031 0.0
18 6.723548 0.0 0.0
19 6.74868 0.0 0.0
20 6.773812 0.0 0.0
21 6.7989440000000005 0.0 0.0
22 6.824076000000001 0.0 0.0
23 6.849208000000001 0.0 0.0
24 6.874340000000001 0.0 0.0
25 6.899472000000001 0.0 0.0
26 6.924604000000001 0.0 0.0
27 6.9497360000000015 0.0 0.0
28 6.974868000000002 0.0 0.0
29 7.0 0.0 0.0
30 8.0 0.0 0.0
31 9.0 0.0 0.0
32 10.0 0.0 0.0
33 11.0 0.0 0.0
34 12.0 0.0 0.0
35 13.0 0.0 0.0
36 14.0 0.0 0.0
37 15.0 0.0 0.0
38 16.0 0.0 0.0
39 17.0 0.0 0.0
40 18.0 0.0 0.0
41 19.0 0.0 0.0
42 20.0 0.0 0.0
TABLE_12_12
N 42

1 0.000001 0.111259 0.0
2 1.0 0.111259 0.0
3 2.0 0.111259 0.0
4 3.0 0.111259 0.0
5 4.0 0.111259 0.0
6 5.0 0.111259 0.0
7 6.0 0.111259 0.0
8 6.034144 0.111259 0.0
9 6.068288000000001 0.111259 0.0
10 6.102432000000001 0.111259 0.0
11 6.136576000000002 0.111259 0.0
12 6.170720000000002 0.111259 0.0
13 6.204864000000002 0.111259 0.0
14 6.239008000000003 0.111259 0.0
15 6.273152000000003 0.111259 0.0
16 6.307296000000004 0.111259 0.0
17 6.341440000000004 0.111259 0.0
18 6.375584 0.0 0.0
19 6.432349090909091 0.0 0.0
20 6.489114181818183 0.0 0.0
21 6.545879272727274 0.0 0.0
22 6.602644363636365 0.0 0.0
23 6.6594094545454565 0.0 0.0
24 6.716174545454548 0.0 0.0
25 6.772939636363639 0.0 0.0
26 6.8297047272727305 0.0 0.0
27 6.886469818181822 0.0 0.0
28 6.943234909090913 0.0 0.0
29 7.0 0.0 0.0
30 8.0 0.0 0.0
31 9.0 0.0 0.0
32 10.0 0.0 0.0
33 11.0 0.0 0.0
34 12.0 0.0 0.0
35 13.0 0.0 0.0
36 14.0 0.0 0.0
37 15.0 0.0 0.0
38 16.0 0.0 0.0
39 17.0 0.0 0.0
40 18.0 0.0 0.0
41 19.0 0.0 0.0
42 20.0 0.0 0.0
TABLE_12_13
N 42

1 0.000001 0.139545 0.0
2 1.0 0.139545 0.0
3 2.0 0.139545 0.0
4 3.0 0.139545 0.0
5 4.0 0.139545 0.0
6 5.0 0.139545 0.0
7 6.0 0.139545 0.0
8 6.028021545454545 0.139545 0.0
9 6.056043090909091 0.139545 0.0
10 6.084064636363636 0.139545 0.0
11 6.1120861818181815 0.139545 0.0
12 6.140107727272727 0.139545 0.0
13 6.168129272727272 0.139545 0.0
14 6.196150818181818 0.139545 0.0
15 6.224172363636363 0.139545 0.0
16 6.252193909090908 0.139545 0.0
17 6.280215454545454 0.139545 0.0
18 6.308237 0.0 0.0
19 6.3711245454545455 0.0 0.0
20 6.434012090909091 0.0 0.0
21 6.496899636363636 0.0 0.0
22 6.559787181818182 0.0 0.0
23 6.622674727272727 0.0 0.0
24 6.685562272727273 0.0 0.0
25 6.748449818181818 0.0 0.0
26 6.811337363636364 0.0 0.0
27 6.874224909090909 0.0 0.0
28 6.9371124545454546 0.0 0.0
29 7.0 0.0 0.0
30 8.0 0.0 0.0
31 9.0 0.0 0.0
32 10.0 0.0 0.0
33 11.0 0.0 0.0
34 12.0 0.0 0.0
35 13.0 0.0 0.0
36 14.0 0.0 0.0
37 15.0 0.0 0.0
38 16.0 0.0 0.0
39 17.0 0.0 0.0
40 18.0 0.0 0.0
41 19.0 0.0 0.0
42 20.0 0.0 0.0
TABLE_12_14
N 42

1 0.000001 0.105601 0.0
2 1.0 0.105601 0.0
3 2.0 0.105601 0.0
4 3.0 0.105601 0.0
5 4.0 0.105601 0.0
6 5.0 0.105601 0.0
7 6.0 0.105601 0.0
8 6.051491181818182 0.105601 0.0
9 6.1029823636363645 0.105601 0.0
10 6.154473545454547 0.105601 0.0
11 6.205964727272729 0.105601 0.0
12 6.257455909090911 0.105601 0.0
13 6.3089470909090934 0.105601 0.0
14 6.360438272727276 0.105601 0.0
15 6.411929454545458 0.105601 0.0
16 6.46342063636364 0.105601 0.0
17 6.514911818181822 0.105601 0.0
18 6.566403 0.0 0.0
19 6.60582090909091 0.0 0.0
20 6.645238818181819 0.0 0.0
21 6.684656727272729 0.0 0.0
22 6.724074636363638 0.0 0.0
23 6.763492545454548 0.0 0.0
24 6.802910454545457 0.0 0.0
25 6.8423283636363665 0.0 0.0
26 6.881746272727276 0.0 0.0
27 6.9211641818181855 0.0 0.0
28 6.960582090909095 0.0 0.0
29 7.0 0.0 0.0
30 8.0 0.0 0.0
31 9.0 0.0 0.0
32 10.0 0.0 0.0
33 11.0 0.0 0.0
34 12.0 0.0 0.0
35 13.0 0.0 0.0
36 14.0 0.0 0.0
37 15.0 0.0 0.0
38 16.0 0.0 0.0
39 17.0 0.0 0.0
40 18.0 0.0 0.0
41 19.0 0.0 0.0
42 20.0 0.0 0.0
TABLE_12_15
N 42

1 0.000001 0.118802 0.0
2 1.0 0.118802 0.0
3 2.0 0.118802 0.0
4 3.0 0.118802 0.0
5 4.0 0.118802 0.0
6 5.0 0.118802 0.0
7 6.0 0.118802 0.0
8 6.079042545454546 0.118802 0.0
9 6.158085090909092 0.118802 0.0
10 6.237127636363637 0.118802 0.0
11 6.316170181818183 0.118802 0.0
12 6.395212727272729 0.118802 0.0
13 6.474255272727275 0.118802 0.0
14 6.553297818181821 0.118802 0.0
15 6.6323403636363665 0.118802 0.0
16 6.711382909090912 0.118802 0.0
17 6.790425454545458 0.118802 0.0
18 6.869468 0.0 0.0
19 6.881334545454545 0.0 0.0
20 6.89320109090909 0.0 0.0
21 6.905067636363635 0.0 0.0
22 6.91693418181818 0.0 0.0
23 6.9288007272727254 0.0 0.0
24 6.9406672727272705 0.0 0.0
25 6.9525338181818155 0.0 0.0
26 6.9644003636363605 0.0 0.0
27 6.9762669090909055 0.0 0.0
28 6.9881334545454505 0.0 0.0
29 7.0 0.0 0.0
30 8.0 0.0 0.0
31 9.0 0.0 0.0
32 10.0 0.0 0.0
33 11.0 0.0 0.0
34 12.0 0.0 0.0
35 13.0 0.0 0.0
36 14.0 0.0 0.0
37 15.0 0.0 0.0
38 16.0 0.0 0.0
39 17.0 0.0 0.0
40 18.0 0.0 0.0
41 19.0 0.0 0.0
42 20.0 0.0 0.0
TABLE_12_16
N 42

1 0.000001 0.130116 0.0
2 1.0 0.130116 0.0
3 2.0 0.130116 0.0
4 3.0 0.130116 0.0
5 4.0 0.130116 0.0
6 5.0 0.130116 0.0
7 6.0 0.130116 0.0
8 6.008633545454545 0.130116 0.0
9 6.01726709090909 0.130116 0.0
10 6.025900636363636 0.130116 0.0
11 6.034534181818181 0.130116 0.0
12 6.043167727272726 0.130116 0.0
13 6.051801272727271 0.130116 0.0
14 6.060434818181816 0.130116 0.0
15 6.069068363636362 0.130116 0.0
16 6.077701909090907 0.130116 0.0
17 6.086335454545452 0.130116 0.0
18 6.094969 0.0 0.0
19 6.1772445454545455 0.0 0.0
20 6.259520090909091 0.0 0.0
21 6.341795636363637 0.0 0.0
22 6.424071181818182 0.0 0.0
23 6.506346727272728 0.0 0.0
24 6.588622272727274 0.0 0.0
25 6.670897818181819 0.0 0.0
26 6.753173363636365 0.0 0.0
27 6.8354489090909105 0.0 0.0
28 6.917724454545456 0.0 0.0
29 7.0 0.0 0.0
30 8.0 0.0 0.0
31 9.0 0.0 0.0
32 10.0 0.0 0.0
33 11.0 0.0 0.0
34 12.0 0.0 0.0
35 13.0 0.0 0.0
36 14.0 0.0 0.0
37 15.0 0.0 0.0
38 16.0 0.0 0.0
39 17.0 0.0 0.0
40 18.0 0.0 0.0
41 19.0 0.0 0.0
42 20.0 0.0 0.0
TABLE_12_17
N 42

1 0.000001 0.073544 0.0
2 1.0 0.073544 0.0
3 2.0 0.073544 0.0
4 3.0 0.073544 0.0
5 4.0 0.073544 0.0
6 5.0 0.073544 0.0
7 6.0 0.073544 0.0
8 6.031082818181818 0.073544 0.0
9 6.062165636363636 0.073544 0.0
10 6.093248454545454 0.073544 0.0
11 6.124331272727272 0.073544 0.0
12 6.1554140909090895 0.073544 0.0
13 6.186496909090907 0.073544 0.0
14 6.217579727272725 0.073544 0.0
15 6.248662545454543 0.073544 0.0
16 6.279745363636361 0.073544 0.0
17 6.310828181818179 0.073544 0.0
18 6.341911 0.0 0.0
19 6.4017372727272726 0.0 0.0
20 6.4615635454545455 0.0 0.0
21 6.521389818181818 0.0 0.0
22 6.581216090909091 0.0 0.0
23 6.641042363636364 0.0 0.0
24 6.700868636363637 0.0 0.0
25 6.76069490909091 0.0 0.0
26 6.820521181818183 0.0 0.0
27 6.880347454545456 0.0 0.0
28 6.940173727272729 0.0 0.0
29 7.0 0.0 0.0
30 8.0 0.0 0.0
31 9.0 0.0 0.0
32 10.0 0.0 0.0
33 11.0 0.0 0.0
34 12.0 0.0 0.0
35 13.0 0.0 0.0
36 14.0 0.0 0.0
37 15.0 0.0 0.0
38 16.0 0.0 0.0
39 17.0 0.0 0.0
40 18.0 0.0 0.0
41 19.0 0.0 0.0
42 20.0 0.0 0.0
TABLE_13_13
N 42

1 0.000001 0.098058 0.0
2 1.0 0.098058 0.0
3 2.0 0.098058 0.0
4 3.0 0.098058 0.0
5 4.0 0.098058 0.0
6 5.0 0.098058 0.0
7 6.0 0.098058 0.0
8 6.021899 0.098058 0.0
9 6.043798000000001 0.098058 0.0
10 6.065697000000001 0.098058 0.0
11 6.087596000000001 0.098058 0.0
12 6.109495000000002 0.098058 0.0
13 6.131394000000002 0.098058 0.0
14 6.153293000000002 0.098058 0.0
15 6.175192000000003 0.098058 0.0
16 6.197091000000003 0.098058 0.0
17 6.218990000000003 0.098058 0.0
18 6.240889 0.0 0.0
19 6.309899090909091 0.0 0.0
20 6.378909181818181 0.0 0.0
21 6.447919272727272 0.0 0.0
22 6.516929363636362 0.0 0.0
23 6.585939454545453 0.0 0.0
24 6.654949545454543 0.0 0.0
25 6.723959636363634 0.0 0.0
26 6.792969727272724 0.0 0.0
27 6.861979818181815 0.0 0.0
28 6.930989909090905 0.0 0.0
29 7.0 0.0 0.0
30 8.0 0.0 0.0
31 9.0 0.0 0.0
32 10.0 0.0 0.0
33 11.0 0.0 0.0
34 12.0 0.0 0.0
35 13.0 0.0 0.0
36 14.0 0.0 0.0
37 15.0 0.0 0.0
38 16.0 0.0 0.0
39 17.0 0.0 0.0
40 18.0 0.0 0.0
41 19.0 0.0 0.0
42 20.0 0.0 0.0
TABLE_13_14
N 42

1 0.000001 0.10183 0.0
2 1.0 0.10183 0.0
3 2.0 0.10183 0.0
4 3.0 0.10183 0.0
5 4.0 0.10183 0.0
6 5.0 0.10183 0.0
7 6.0 0.10183 0.0
8 6.045368636363636 0.10183 0.0
9 6.090737272727273 0.10183 0.0
10 6.136105909090909 0.10183 0.0
11 6.181474545454545 0.10183 0.0
12 6.2268431818181815 0.10183 0.0
13 6.272211818181818 0.10183 0.0
14 6.317580454545454 0.10183 0.0
15 6.36294909090909 0.10183 0.0
16 6.408317727272727 0.10183 0.0
17 6.453686363636363 0.10183 0.0
18 6.499055 0.0 0.0
19 6.544595454545455 0.0 0.0
20 6.590135909090909 0.0 0.0
21 6.635676363636364 0.0 0.0
22 6.681216818181818 0.0 0.0
23 6.726757272727273 0.0 0.0
24 6.772297727272727 0.0 0.0
25 6.817838181818182 0.0 0.0
26 6.863378636363636 0.0 0.0
27 6.908919090909091 0.0 0.0
28 6.9544595454545455 0.0 0.0
29 7.0 0.0 0.0
30 8.0 0.0 0.0
31 9.0 0.0 0.0
32 10.0 0.0 0.0
33 11.0 0.0 0.0
34 12.0 0.0 0.0
35 13.0 0.0 0.0
36 14.0 0.0 0.0
37 15.0 0.0 0.0
38 16.0 0.0 0.0
39 17.0 0.0 0.0
40 18.0 0.0 0.0
41 19.0 0.0 0.0
42 20.0 0.0 0.0
TABLE_13_15
N 42

1 0.000001 0.107487 0.0
2 1.0 0.107487 0.0
3 2.0 0.107487 0.0
4 3.0 0.107487 0.0
5 4.0 0.107487 0.0
6 5.0 0.107487 0.0
7 6.0 0.107487 0.0
8 6.07292 0.107487 0.0
9 6.14584 0.107487 0.0
10 6.21876 0.107487 0.0
11 6.2916799999999995 0.107487 0.0
12 6.364599999999999 0.107487 0.0
13 6.437519999999999 0.107487 0.0
14 6.510439999999999 0.107487 0.0
15 6.583359999999999 0.107487 0.0
16 6.656279999999999 0.107487 0.0
17 6.729199999999999 0.107487 0.0
18 6.80212 0.0 0.0
19 6.820109090909091 0.0 0.0
20 6.838098181818182 0.0 0.0
21 6.856087272727273 0.0 0.0
22 6.874076363636364 0.0 0.0
23 6.892065454545455 0.0 0.0
24 6.910054545454546 0.0 0.0
25 6.928043636363637 0.0 0.0
26 6.946032727272728 0.0 0.0
27 6.964021818181819 0.0 0.0
28 6.98201090909091 0.0 0.0
29 7.0 0.0 0.0
30 8.0 0.0 0.0
31 9.0 0.0 0.0
32 10.0 0.0 0.0
33 11.0 0.0 0.0
34 12.0 0.0 0.0
35 13.0 0.0 0.0
36 14.0 0.0 0.0
37 15.0 0.0 0.0
38 16.0 0.0 0.0
39 17.0 0.0 0.0
40 18.0 0.0 0.0
41 19.0 0.0 0.0
42 20.0 0.0 0.0
TABLE_13_16
N 42

1 0.000001 0.132002 0.0
2 1.0 0.132002 0.0
3 2.0 0.132002 0.0
4 3.0 0.132002 0.0
5 4.0 0.132002 0.0
6 5.0 0.132002 0.0
7 6.0 0.132002 0.0
8 6.002511 0.132002 0.0
9 6.005022 0.132002 0.0
10 6.0075330000000005 0.132002 0.0
11 6.010044000000001 0.132002 0.0
12 6.012555000000001 0.132002 0.0
13 6.015066000000001 0.132002 0.0
14 6.017577000000001 0.132002 0.0
15 6.020088000000001 0.132002 0.0
16 6.022599000000001 0.132002 0.0
17 6.0251100000000015 0.132002 0.0
18 6.027621 0.0 0.0
19 6.116019090909091 0.0 0.0
20 6.204417181818181 0.0 0.0
21 6.292815272727272 0.0 0.0
22 6.381213363636363 0.0 0.0
23 6.469611454545453 0.0 0.0
24 6.558009545454544 0.0 0.0
25 6.646407636363635 0.0 0.0
26 6.734805727272725 0.0 0.0
27 6.823203818181816 0.0 0.0
28 6.911601909090907 0.0 0.0
29 7.0 0.0 0.0
30 8.0 0.0 0.0
31 9.0 0.0 0.0
32 10.0 0.0 0.0
33 11.0 0.0 0.0
34 12.0 0.0 0.0
35 13.0 0.0 0.0
36 14.0 0.0 0.0
37 15.0 0.0 0.0
38 16.0 0.0 0.0
39 17.0 0.0 0.0
40 18.0 0.0 0.0
41 19.0 0.0 0.0
42 20.0 0.0 0.0
TABLE_13_17
N 42

1 0.000001 0.069772 0.0
2 1.0 0.069772 0.0
3 2.0 0.069772 0.0
4 3.0 0.069772 0.0
5 4.0 0.069772 0.0
6 5.0 0.069772 0.0
7 6.0 0.069772 0.0
8 6.024960272727273 0.069772 0.0
9 6.049920545454546 0.069772 0.0
10 6.074880818181819 0.069772 0.0
11 6.099841090909091 0.069772 0.0
12 6.124801363636364 0.069772 0.0
13 6.149761636363637 0.069772 0.0
14 6.17472190909091 0.069772 0.0
15 6.199682181818183 0.069772 0.0
16 6.224642454545456 0.069772 0.0
17 6.249602727272729 0.069772 0.0
18 6.274563 0.0 0.0
19 6.340511818181818 0.0 0.0
20 6.406460636363636 0.0 0.0
21 6.472409454545454 0.0 0.0
22 6.5383582727272715 0.0 0.0
23 6.6043070909090895 0.0 0.0
24 6.6702559090909075 0.0 0.0
25 6.7362047272727255 0.0 0.0
26 6.802153545454543 0.0 0.0
27 6.868102363636361 0.0 0.0
28 6.934051181818179 0.0 0.0
29 7.0 0.0 0.0
30 8.0 0.0 0.0
31 9.0 0.0 0.0
32 10.0 0.0 0.0
33 11.0 0.0 0.0
34 12.0 0.0 0.0
35 13.0 0.0 0.0
36 14.0 0.0 0.0
37 15.0 0.0 0.0
38 16.0 0.0 0.0
39 17.0 0.0 0.0
40 18.0 0.0 0.0
41 19.0 0.0 0.0
42 20.0 0.0 0.0
TABLE_14_14
N 42

1 0.000001 0.137659 0.0
2 1.0 0.137659 0.0
3 2.0 0.137659 0.0
4 3.0 0.137659 0.0
5 4.0 0.137659 0.0
6 5.0 0.137659 0.0
7 6.0 0.137659 0.0
8 6.068838363636363 0.137659 0.0
9 6.137676727272726 0.137659 0.0
10 6.20651509090909 0.137659 0.0
11 6.275353454545453 0.137659 0.0
12 6.344191818181816 0.137659 0.0
13 6.413030181818179 0.137659 0.0
14 6.481868545454542 0.137659 0.0
15 6.550706909090906 0.137659 0.0
16 6.619545272727269 0.137659 0.0
17 6.688383636363632 0.137659 0.0
18 6.757222 0.0 0.0
19 6.779292727272727 0.0 0.0
20 6.801363454545455 0.0 0.0
21 6.8234341818181825 0.0 0.0
22 6.84550490909091 0.0 0.0
23 6.867575636363638 0.0 0.0
24 6.889646363636365 0.0 0.0
25 6.911717090909093 0.0 0.0
26 6.933787818181821 0.0 0.0
27 6.955858545454548 0.0 0.0
28 6.977929272727276 0.0 0.0
29 7.0 0.0 0.0
30 8.0 0.0 0.0
31 9.0 0.0 0.0
32 10.0 0.0 0.0
33 11.0 0.0 0.0
34 12.0 0.0 0.0
35 13.0 0.0 0.0
36 14.0 0.0 0.0
37 15.0 0.0 0.0
38 16.0 0.0 0.0
39 17.0 0.0 0.0
40 18.0 0.0 0.0
41 19.0 0.0 0.0
42 20.0 0.0 0.0
TABLE_14_15
N 42

1 0.000001 0.08863 0.0
2 1.0 0.08863 0.0
3 2.0 0.08863 0.0
4 3.0 0.08863 0.0
5 4.0 0.08863 0.0
6 5.0 0.08863 0.0
7 6.0 0.08863 0.0
8 7.0 0.08863 0.0
9 7.005480545454545 0.08863 0.0
10 7.01096109090909 0.08863 0.0
11 7.016441636363635 0.08863 0.0
12 7.02192218181818 0.08863 0.0
13 7.027402727272725 0.08863 0.0
14 7.03288327272727 0.08863 0.0
15 7.038363818181815 0.08863 0.0
16 7.04384436363636 0.08863 0.0
17 7.049324909090905 0.08863 0.0
18 7.05480545454545 0.08863 0.0
19 7.060286 0.0 0.0
20 7.145714545454545 0.0 0.0
21 7.231143090909091 0.0 0.0
22 7.316571636363637 0.0 0.0
23 7.402000181818183 0.0 0.0
24 7.487428727272729 0.0 0.0
25 7.5728572727272745 0.0 0.0
26 7.65828581818182 0.0 0.0
27 7.743714363636366 0.0 0.0
28 7.829142909090912 0.0 0.0
29 7.914571454545458 0.0 0.0
30 8.0 0.0 0.0
31 9.0 0.0 0.0
32 10.0 0.0 0.0
33 11.0 0.0 0.0
34 12.0 0.0 0.0
35 13.0 0.0 0.0
36 14.0 0.0 0.0
37 15.0 0.0 0.0
38 16.0 0.0 0.0
39 17.0 0.0 0.0
40 18.0 0.0 0.0
41 19.0 0.0 0.0
42 20.0 0.0 0.0
TABLE_14_16
N 42

1 0.000001 0.147088 0.0
2 1.0 0.147088 0.0
3 2.0 0.147088 0.0
4 3.0 0.147088 0.0
5 4.0 0.147088 0.0
6 5.0 0.147088 0.0
7 6.0 0.147088 0.0
8 6.025980636363636 0.147088 0.0
9 6.051961272727272 0.147088 0.0
10 6.077941909090908 0.147088 0.0
11 6.1039225454545445 0.147088 0.0
12 6.129903181818181 0.147088 0.0
13 6.155883818181817 0.147088 0.0
14 6.181864454545453 0.147088 0.0
15 6.207845090909089 0.147088 0.0
16 6.233825727272725 0.147088 0.0
17 6.259806363636361 0.147088 0.0
18 6.285787 0.0 0.0
19 6.350715454545455 0.0 0.0
20 6.415643909090909 0.0 0.0
21 6.480572363636364 0.0 0.0
22 6.545500818181819 0.0 0.0
23 6.6104292727272735 0.0 0.0
24 6.675357727272728 0.0 0.0
25 6.740286181818183 0.0 0.0
26 6.805214636363638 0.0 0.0
27 6.870143090909092 0.0 0.0
28 6.935071545454547 0.0 0.0
29 7.0 0.0 0.0
30 8.0 0.0 0.0
31 9.0 0.0 0.0
32 10.0 0.0 0.0
33 11.0 0.0 0.0
34 12.0 0.0 0.0
35 13.0 0.0 0.0
36 14.0 0.0 0.0
37 15.0 0.0 0.0
38 16.0 0.0 0.0
39 17.0 0.0 0.0
40 18.0 0.0 0.0
41 19.0 0.0 0.0
42 20.0 0.0 0.0
TABLE_14_17
N 42

1 0.000001 0.069772 0.0
2 1.0 0.069772 0.0
3 2.0 0.069772 0.0
4 3.0 0.069772 0.0
5 4.0 0.069772 0.0
6 5.0 0.069772 0.0
7 6.0 0.069772 0.0
8 6.048429909090909 0.069772 0.0
9 6.096859818181818 0.069772 0.0
10 6.1452897272727265 0.069772 0.0
11 6.193719636363635 0.069772 0.0
12 6.242149545454544 0.069772 0.0
13 6.290579454545453 0.069772 0.0
14 6.339009363636362 0.069772 0.0
15 6.387439272727271 0.069772 0.0
16 6.4358691818181795 0.069772 0.0
17 6.484299090909088 0.069772 0.0
18 6.532729 0.0 0.0
19 6.575208181818182 0.0 0.0
20 6.617687363636364 0.0 0.0
21 6.660166545454546 0.0 0.0
22 6.702645727272728 0.0 0.0
23 6.74512490909091 0.0 0.0
24 6.787604090909092 0.0 0.0
25 6.830083272727274 0.0 0.0
26 6.872562454545456 0.0 0.0
27 6.915041636363638 0.0 0.0
28 6.95752081818182 0.0 0.0
29 7.0 0.0 0.0
30 8.0 0.0 0.0
31 9.0 0.0 0.0
32 10.0 0.0 0.0
33 11.0 0.0 0.0
34 12.0 0.0 0.0
35 13.0 0.0 0.0
36 14.0 0.0 0.0
37 15.0 0.0 0.0
38 16.0 0.0 0.0
39 17.0 0.0 0.0
40 18.0 0.0 0.0
41 19.0 0.0 0.0
42 20.0 0.0 0.0
TABLE_15_15
N 42

1 0.000001 0.135773 0.0
2 1.0 0.135773 0.0
3 2.0 0.135773 0.0
4 3.0 0.135773 0.0
5 4.0 0.135773 0.0
6 5.0 0.135773 0.0
7 6.0 0.135773 0.0
8 7.0 0.135773 0.0
9 7.0330319090909095 0.135773 0.0
10 7.066063818181819 0.135773 0.0
11 7.099095727272728 0.135773 0.0
12 7.132127636363638 0.135773 0.0
13 7.165159545454547 0.135773 0.0
14 7.198191454545457 0.135773 0.0
15 7.231223363636366 0.135773 0.0
16 7.264255272727276 0.135773 0.0
17 7.297287181818185 0.135773 0.0
18 7.330319090909095 0.135773 0.0
19 7.363351 0.0 0.0
20 7.421228181818182 0.0 0.0
21 7.479105363636364 0.0 0.0
22 7.5369825454545465 0.0 0.0
23 7.594859727272729 0.0 0.0
24 7.652736909090911 0.0 0.0
25 7.710614090909093 0.0 0.0
26 7.7684912727272755 0.0 0.0
27 7.826368454545458 0.0 0.0
28 7.88424563636364 0.0 0.0
29 7.942122818181822 0.0 0.0
30 8.0 0.0 0.0
31 9.0 0.0 0.0
32 10.0 0.0 0.0
33 11.0 0.0 0.0
34 12.0 0.0 0.0
35 13.0 0.0 0.0
36 14.0 0.0 0.0
37 15.0 0.0 0.0
38 16.0 0.0 0.0
39 17.0 0.0 0.0
40 18.0 0.0 0.0
41 19.0 0.0 0.0
42 20.0 0.0 0.0
TABLE_15_16
N 42

1 0.000001 0.122573 0.0
2 1.0 0.122573 0.0
3 2.0 0.122573 0.0
4 3.0 0.122573 0.0
5 4.0 0.122573 0.0
6 5.0 0.122573 0.0
7 6.0 0.122573 0.0
8 6.053532 0.122573 0.0
9 6.107063999999999 0.122573 0.0
10 6.160595999999999 0.122573 0.0
11 6.214127999999999 0.122573 0.0
12 6.2676599999999985 0.122573 0.0
13 6.321191999999998 0.122573 0.0
14 6.374723999999998 0.122573 0.0
15 6.4282559999999975 0.122573 0.0
16 6.481787999999997 0.122573 0.0
17 6.535319999999997 0.122573 0.0
18 6.588852 0.0 0.0
19 6.626229090909091 0.0 0.0
20 6.663606181818182 0.0 0.0
21 6.700983272727274 0.0 0.0
22 6.738360363636365 0.0 0.0
23 6.775737454545456 0.0 0.0
24 6.813114545454547 0.0 0.0
25 6.850491636363638 0.0 0.0
26 6.887868727272729 0.0 0.0
27 6.92524581818182 0.0 0.0
28 6.9626229090909115 0.0 0.0
29 7.0 0.0 0.0
30 8.0 0.0 0.0
31 9.0 0.0 0.0
32 10.0 0.0 0.0
33 11.0 0.0 0.0
34 12.0 0.0 0.0
35 13.0 0.0 0.0
36 14.0 0.0 0.0
37 15.0 0.0 0.0
38 16.0 0.0 0.0
39 17.0 0.0 0.0
40 18.0 0.0 0.0
41 19.0 0.0 0.0
42 20.0 0.0 0.0
TABLE_15_17
N 42

1 0.000001 0.069772 0.0
2 1.0 0.069772 0.0
3 2.0 0.069772 0.0
4 3.0 0.069772 0.0
5 4.0 0.069772 0.0
6 5.0 0.069772 0.0
7 6.0 0.069772 0.0
8 6.075981272727272 0.069772 0.0
9 6.151962545454545 0.069772 0.0
10 6.227943818181817 0.069772 0.0
11 6.30392509090909 0.069772 0.0
12 6.379906363636362 0.069772 0.0
13 6.455887636363634 0.069772 0.0
14 6.531868909090907 0.069772 0.0
15 6.607850181818179 0.069772 0.0
16 6.683831454545452 0.069772 0.0
17 6.759812727272724 0.069772 0.0
18 6.835794 0.0 0.0
19 6.850721818181818 0.0 0.0
20 6.865649636363637 0.0 0.0
21 6.880577454545455 0.0 0.0
22 6.895505272727274 0.0 0.0
23 6.910433090909092 0.0 0.0
24 6.9253609090909105 0.0 0.0
25 6.940288727272729 0.0 0.0
26 6.955216545454547 0.0 0.0
27 6.970144363636366 0.0 0.0
28 6.985072181818184 0.0 0.0
29 7.0 0.0 0.0
30 8.0 0.0 0.0
31 9.0 0.0 0.0
32 10.0 0.0 0.0
33 11.0 0.0 0.0
34 12.0 0.0 0.0
35 13.0 0.0 0.0
36 14.0 0.0 0.0
37 15.0 0.0 0.0
38 16.0 0.0 0.0
39 17.0 0.0 0.0
40 18.0 0.0 0.0
41 19.0 0.0 0.0
42 20.0 0.0 0.0
TABLE_16_16
N 42

1 0.000001 0.113144 0.0
2 1.0 0.113144 0.0
3 2.0 0.113144 0.0
4 3.0 0.113144 0.0
5 4.0 0.113144 0.0
6 5.0 0.113144 0.0
7 5.074032090909091 0.113144 0.0
8 5.148064181818182 0.113144 0.0
9 5.222096272727272 0.113144 0.0
10 5.296128363636363 0.113144 0.0
11 5.370160454545454 0.113144 0.0
12 5.444192545454545 0.113144 0.0
13 5.518224636363636 0.113144 0.0
14 5.592256727272726 0.113144 0.0
15 5.666288818181817 0.113144 0.0
16 5.740320909090908 0.113144 0.0
17 5.814353 0.0 0.0
18 5.83123 0.0 0.0
19 5.848107 0.0 0.0
20 5.864984 0.0 0.0
21 5.881861 0.0 0.0
22 5.898738 0.0 0.0
23 5.915615 0.0 0.0
24 5.932492 0.0 0.0
25 5.949369 0.0 0.0
26 5.966246 0.0 0.0
27 5.983123 0.0 0.0
28 6.0 0.0 0.0
29 7.0 0.0 0.0
30 8.0 0.0 0.0
31 9.0 0.0 0.0
32 10.0 0.0 0.0
33 11.0 0.0 0.0
34 12.0 0.0 0.0
35 13.0 0.0 0.0
36 14.0 0.0 0.0
37 15.0 0.0 0.0
38 16.0 0.0 0.0
39 17.0 0.0 0.0
40 18.0 0.0 0.0
41 19.0 0.0 0.0
42 20.0 0.0 0.0
TABLE_16_17
N 42

1 0.000001 0.058458 0.0
2 1.0 0.058458 0.0
3 2.0 0.058458 0.0
4 3.0 0.058458 0.0
5 4.0 0.058458 0.0
6 5.0 0.058458 0.0
7 6.0 0.058458 0.0
8 6.005572272727273 0.058458 0.0
9 6.011144545454545 0.058458 0.0
10 6.016716818181818 0.058458 0.0
11 6.022289090909091 0.058458 0.0
12 6.027861363636363 0.058458 0.0
13 6.033433636363636 0.058458 0.0
14 6.039005909090909 0.058458 0.0
15 6.044578181818181 0.058458 0.0
16 6.050150454545454 0.058458 0.0
17 6.055722727272727 0.058458 0.0
18 6.061295 0.0 0.0
19 6.1466318181818185 0.0 0.0
20 6.231968636363637 0.0 0.0
21 6.317305454545455 0.0 0.0
22 6.402642272727273 0.0 0.0
23 6.487979090909091 0.0 0.0
24 6.573315909090909 0.0 0.0
25 6.658652727272727 0.0 0.0
26 6.7439895454545455 0.0 0.0
27 6.829326363636364 0.0 0.0
28 6.914663181818182 0.0 0.0
29 7.0 0.0 0.0
30 8.0 0.0 0.0
31 9.0 0.0 0.0
32 10.0 0.0 0.0
33 11.0 0.0 0.0
34 12.0 0.0 0.0
35 13.0 0.0 0.0
36 14.0 0.0 0.0
37 15.0 0.0 0.0
38 16.0 0.0 0.0
39 17.0 0.0 0.0
40 18.0 0.0 0.0
41 19.0 0.0 0.0
42 20.0 0.0 0.0
TABLE_17_17
N 42

1 0.000001 0.028286 0.0
2 1.0 0.028286 0.0
3 2.0 0.028286 0.0
4 3.0 0.028286 0.0
5 4.0 0.028286 0.0
6 5.0 0.028286 0.0
7 6.0 0.028286 0.0
8 6.028021545454545 0.028286 0.0
9 6.056043090909091 0.028286 0.0
10 6.084064636363636 0.028286 0.0
11 6.1120861818181815 0.028286 0.0
12 6.140107727272727 0.028286 0.0
13 6.168129272727272 0.028286 0.0
14 6.196150818181818 0.028286 0.0
15 6.224172363636363 0.028286 0.0
16 6.252193909090908 0.028286 0.0
17 6.280215454545454 0.028286 0.0
18 6.308237 0.0 0.0
19 6.3711245454545455 0.0 0.0
20 6.434012090909091 0.0 0.0
21 6.496899636363636 0.0 0.0
22 6.559787181818182 0.0 0.0
23 6.622674727272727 0.0 0.0
24 6.685562272727273 0.0 0.0
25 6.748449818181818 0.0 0.0
26 6.811337363636364 0.0 0.0
27 6.874224909090909 0.0 0.0
28 6.9371124545454546 0.0 0.0
29 7.0 0.0 0.0
30 8.0 0.0 0.0
31 9.0 0.0 0.0
32 10.0 0.0 0.0
33 11.0 0.0 0.0
34 12.0 0.0 0.0
35 13.0 0.0 0.0
36 14.0 0.0 0.0
37 15.0 0.0 0.0
38 16.0 0.0 0.0
39 17.0 0.0 0.0
40 18.0 0.0 0.0
41 19.0 0.0 0.0
42 20.0 0.0 0.0
