TABLE_1_4
N 42

1 0.000001 0.043265 0.0
2 1.0 0.043265 0.0
3 2.0 0.043265 0.0
4 3.0 0.043265 0.0
5 4.0 0.043265 0.0
6 5.0 0.043265 0.0
7 6.0 0.043265 0.0
8 6.013735636363636 0.043265 0.0
9 6.027471272727272 0.043265 0.0
10 6.041206909090908 0.043265 0.0
11 6.054942545454544 0.043265 0.0
12 6.06867818181818 0.043265 0.0
13 6.082413818181816 0.043265 0.0
14 6.096149454545452 0.043265 0.0
15 6.1098850909090885 0.043265 0.0
16 6.1236207272727246 0.043265 0.0
17 6.137356363636361 0.043265 0.0
18 6.151092 0.0 0.0
19 6.228265454545455 0.0 0.0
20 6.30543890909091 0.0 0.0
21 6.3826123636363645 0.0 0.0
22 6.459785818181819 0.0 0.0
23 6.536959272727274 0.0 0.0
24 6.614132727272729 0.0 0.0
25 6.691306181818184 0.0 0.0
26 6.768479636363638 0.0 0.0
27 6.845653090909093 0.0 0.0
28 6.922826545454548 0.0 0.0
29 7.0 0.0 0.0
30 8.0 0.0 0.0
31 9.0 0.0 0.0
32 10.0 0.0 0.0
33 11.0 0.0 0.0
34 12.0 0.0 0.0
35 13.0 0.0 0.0
36 14.0 0.0 0.0
37 15.0 0.0 0.0
38 16.0 0.0 0.0
39 17.0 0.0 0.0
40 18.0 0.0 0.0
41 19.0 0.0 0.0
42 20.0 0.0 0.0
TABLE_1_9
N 42

1 0.000001 0.097347 0.0
2 1.0 0.097347 0.0
3 2.0 0.097347 0.0
4 3.0 0.097347 0.0
5 4.0 0.097347 0.0
6 5.0 0.097347 0.0
7 6.0 0.097347 0.0
8 6.036184909090909 0.097347 0.0
9 6.0723698181818175 0.097347 0.0
10 6.108554727272726 0.097347 0.0
11 6.144739636363635 0.097347 0.0
12 6.180924545454544 0.097347 0.0
13 6.217109454545453 0.097347 0.0
14 6.253294363636361 0.097347 0.0
15 6.28947927272727 0.097347 0.0
16 6.325664181818179 0.097347 0.0
17 6.361849090909088 0.097347 0.0
18 6.398034 0.0 0.0
19 6.452758181818182 0.0 0.0
20 6.507482363636364 0.0 0.0
21 6.562206545454546 0.0 0.0
22 6.616930727272728 0.0 0.0
23 6.67165490909091 0.0 0.0
24 6.726379090909092 0.0 0.0
25 6.781103272727274 0.0 0.0
26 6.8358274545454565 0.0 0.0
27 6.8905516363636385 0.0 0.0
28 6.945275818181821 0.0 0.0
29 7.0 0.0 0.0
30 8.0 0.0 0.0
31 9.0 0.0 0.0
32 10.0 0.0 0.0
33 11.0 0.0 0.0
34 12.0 0.0 0.0
35 13.0 0.0 0.0
36 14.0 0.0 0.0
37 15.0 0.0 0.0
38 16.0 0.0 0.0
39 17.0 0.0 0.0
40 18.0 0.0 0.0
41 19.0 0.0 0.0
42 20.0 0.0 0.0
TABLE_3_3
N 42

1 0.000001 0.124388 0.0
2 1.0 0.124388 0.0
3 2.0 0.124388 0.0
4 3.0 0.124388 0.0
5 4.0 0.124388 0.0
6 5.0 0.124388 0.0
7 6.0 0.124388 0.0
8 6.023939818181818 0.124388 0.0
9 6.047879636363636 0.124388 0.0
10 6.071819454545453 0.124388 0.0
11 6.095759272727271 0.124388 0.0
12 6.119699090909089 0.124388 0.0
13 6.143638909090907 0.124388 0.0
14 6.1675787272727245 0.124388 0.0
15 6.191518545454542 0.124388 0.0
16 6.21545836363636 0.124388 0.0
17 6.239398181818178 0.124388 0.0
18 6.263338 0.0 0.0
19 6.330307272727273 0.0 0.0
20 6.397276545454546 0.0 0.0
21 6.464245818181819 0.0 0.0
22 6.531215090909092 0.0 0.0
23 6.598184363636365 0.0 0.0
24 6.665153636363638 0.0 0.0
25 6.732122909090911 0.0 0.0
26 6.799092181818184 0.0 0.0
27 6.8660614545454575 0.0 0.0
28 6.9330307272727305 0.0 0.0
29 7.0 0.0 0.0
30 8.0 0.0 0.0
31 9.0 0.0 0.0
32 10.0 0.0 0.0
33 11.0 0.0 0.0
34 12.0 0.0 0.0
35 13.0 0.0 0.0
36 14.0 0.0 0.0
37 15.0 0.0 0.0
38 16.0 0.0 0.0
39 17.0 0.0 0.0
40 18.0 0.0 0.0
41 19.0 0.0 0.0
42 20.0 0.0 0.0
TABLE_3_4
N 42

1 0.000001 0.175765 0.0
2 1.0 0.175765 0.0
3 2.0 0.175765 0.0
4 3.0 0.175765 0.0
5 4.0 0.175765 0.0
6 5.0 0.175765 0.0
7 6.0 0.175765 0.0
8 6.041287 0.175765 0.0
9 6.082573999999999 0.175765 0.0
10 6.123860999999999 0.175765 0.0
11 6.1651479999999985 0.175765 0.0
12 6.206434999999998 0.175765 0.0
13 6.247721999999998 0.175765 0.0
14 6.289008999999997 0.175765 0.0
15 6.330295999999997 0.175765 0.0
16 6.371582999999997 0.175765 0.0
17 6.412869999999996 0.175765 0.0
18 6.454157 0.0 0.0
19 6.503779090909092 0.0 0.0
20 6.553401181818183 0.0 0.0
21 6.603023272727274 0.0 0.0
22 6.652645363636365 0.0 0.0
23 6.702267454545456 0.0 0.0
24 6.751889545454548 0.0 0.0
25 6.801511636363639 0.0 0.0
26 6.85113372727273 0.0 0.0
27 6.900755818181821 0.0 0.0
28 6.950377909090912 0.0 0.0
29 7.0 0.0 0.0
30 8.0 0.0 0.0
31 9.0 0.0 0.0
32 10.0 0.0 0.0
33 11.0 0.0 0.0
34 12.0 0.0 0.0
35 13.0 0.0 0.0
36 14.0 0.0 0.0
37 15.0 0.0 0.0
38 16.0 0.0 0.0
39 17.0 0.0 0.0
40 18.0 0.0 0.0
41 19.0 0.0 0.0
42 20.0 0.0 0.0
TABLE_3_6
N 42

1 0.000001 0.021633 0.0
2 1.0 0.021633 0.0
3 2.0 0.021633 0.0
4 3.0 0.021633 0.0
5 4.0 0.021633 0.0
6 5.0 0.021633 0.0
7 5.059746272727272 0.021633 0.0
8 5.119492545454545 0.021633 0.0
9 5.179238818181817 0.021633 0.0
10 5.23898509090909 0.021633 0.0
11 5.298731363636362 0.021633 0.0
12 5.358477636363634 0.021633 0.0
13 5.418223909090907 0.021633 0.0
14 5.477970181818179 0.021633 0.0
15 5.537716454545452 0.021633 0.0
16 5.597462727272724 0.021633 0.0
17 5.657209 0.0 0.0
18 5.688371818181818 0.0 0.0
19 5.719534636363637 0.0 0.0
20 5.750697454545455 0.0 0.0
21 5.781860272727274 0.0 0.0
22 5.813023090909092 0.0 0.0
23 5.8441859090909105 0.0 0.0
24 5.875348727272729 0.0 0.0
25 5.906511545454547 0.0 0.0
26 5.937674363636366 0.0 0.0
27 5.968837181818184 0.0 0.0
28 6.0 0.0 0.0
29 7.0 0.0 0.0
30 8.0 0.0 0.0
31 9.0 0.0 0.0
32 10.0 0.0 0.0
33 11.0 0.0 0.0
34 12.0 0.0 0.0
35 13.0 0.0 0.0
36 14.0 0.0 0.0
37 15.0 0.0 0.0
38 16.0 0.0 0.0
39 17.0 0.0 0.0
40 18.0 0.0 0.0
41 19.0 0.0 0.0
42 20.0 0.0 0.0
TABLE_3_13
N 42

1 0.000001 0.091939 0.0
2 1.0 0.091939 0.0
3 2.0 0.091939 0.0
4 3.0 0.091939 0.0
5 4.0 0.091939 0.0
6 5.0 0.091939 0.0
7 6.0 0.091939 0.0
8 6.0229194545454545 0.091939 0.0
9 6.045838909090909 0.091939 0.0
10 6.068758363636364 0.091939 0.0
11 6.091677818181818 0.091939 0.0
12 6.114597272727273 0.091939 0.0
13 6.137516727272727 0.091939 0.0
14 6.160436181818182 0.091939 0.0
15 6.183355636363636 0.091939 0.0
16 6.206275090909091 0.091939 0.0
17 6.229194545454545 0.091939 0.0
18 6.252114 0.0 0.0
19 6.320103636363636 0.0 0.0
20 6.388093272727272 0.0 0.0
21 6.456082909090909 0.0 0.0
22 6.524072545454545 0.0 0.0
23 6.592062181818181 0.0 0.0
24 6.660051818181818 0.0 0.0
25 6.728041454545454 0.0 0.0
26 6.79603109090909 0.0 0.0
27 6.8640207272727265 0.0 0.0
28 6.932010363636363 0.0 0.0
29 7.0 0.0 0.0
30 8.0 0.0 0.0
31 9.0 0.0 0.0
32 10.0 0.0 0.0
33 11.0 0.0 0.0
34 12.0 0.0 0.0
35 13.0 0.0 0.0
36 14.0 0.0 0.0
37 15.0 0.0 0.0
38 16.0 0.0 0.0
39 17.0 0.0 0.0
40 18.0 0.0 0.0
41 19.0 0.0 0.0
42 20.0 0.0 0.0
TABLE_3_14
N 42

1 0.000001 0.056786 0.0
2 1.0 0.056786 0.0
3 2.0 0.056786 0.0
4 3.0 0.056786 0.0
5 4.0 0.056786 0.0
6 5.0 0.056786 0.0
7 6.0 0.056786 0.0
8 6.0463890909090905 0.056786 0.0
9 6.092778181818181 0.056786 0.0
10 6.1391672727272715 0.056786 0.0
11 6.185556363636362 0.056786 0.0
12 6.2319454545454525 0.056786 0.0
13 6.278334545454543 0.056786 0.0
14 6.324723636363633 0.056786 0.0
15 6.371112727272724 0.056786 0.0
16 6.417501818181814 0.056786 0.0
17 6.463890909090905 0.056786 0.0
18 6.51028 0.0 0.0
19 6.5548 0.0 0.0
20 6.5993200000000005 0.0 0.0
21 6.643840000000001 0.0 0.0
22 6.688360000000001 0.0 0.0
23 6.7328800000000015 0.0 0.0
24 6.777400000000002 0.0 0.0
25 6.821920000000002 0.0 0.0
26 6.8664400000000025 0.0 0.0
27 6.910960000000003 0.0 0.0
28 6.955480000000003 0.0 0.0
29 7.0 0.0 0.0
30 8.0 0.0 0.0
31 9.0 0.0 0.0
32 10.0 0.0 0.0
33 11.0 0.0 0.0
34 12.0 0.0 0.0
35 13.0 0.0 0.0
36 14.0 0.0 0.0
37 15.0 0.0 0.0
38 16.0 0.0 0.0
39 17.0 0.0 0.0
40 18.0 0.0 0.0
41 19.0 0.0 0.0
42 20.0 0.0 0.0
TABLE_3_16
N 42

1 0.000001 0.010816 0.0
2 1.0 0.010816 0.0
3 2.0 0.010816 0.0
4 3.0 0.010816 0.0
5 4.0 0.010816 0.0
6 5.0 0.010816 0.0
7 6.0 0.010816 0.0
8 6.003531454545454 0.010816 0.0
9 6.007062909090909 0.010816 0.0
10 6.010594363636363 0.010816 0.0
11 6.014125818181817 0.010816 0.0
12 6.017657272727272 0.010816 0.0
13 6.021188727272726 0.010816 0.0
14 6.02472018181818 0.010816 0.0
15 6.028251636363635 0.010816 0.0
16 6.031783090909089 0.010816 0.0
17 6.035314545454543 0.010816 0.0
18 6.038846 0.0 0.0
19 6.126223636363637 0.0 0.0
20 6.213601272727273 0.0 0.0
21 6.30097890909091 0.0 0.0
22 6.388356545454546 0.0 0.0
23 6.475734181818183 0.0 0.0
24 6.563111818181819 0.0 0.0
25 6.650489454545456 0.0 0.0
26 6.737867090909092 0.0 0.0
27 6.825244727272729 0.0 0.0
28 6.912622363636365 0.0 0.0
29 7.0 0.0 0.0
30 8.0 0.0 0.0
31 9.0 0.0 0.0
32 10.0 0.0 0.0
33 11.0 0.0 0.0
34 12.0 0.0 0.0
35 13.0 0.0 0.0
36 14.0 0.0 0.0
37 15.0 0.0 0.0
38 16.0 0.0 0.0
39 17.0 0.0 0.0
40 18.0 0.0 0.0
41 19.0 0.0 0.0
42 20.0 0.0 0.0
TABLE_3_21
N 42

1 0.000001 0.124388 0.0
2 1.0 0.124388 0.0
3 2.0 0.124388 0.0
4 3.0 0.124388 0.0
5 4.0 0.124388 0.0
6 5.0 0.124388 0.0
7 6.0 0.124388 0.0
8 6.063736181818181 0.124388 0.0
9 6.127472363636363 0.124388 0.0
10 6.191208545454544 0.124388 0.0
11 6.254944727272726 0.124388 0.0
12 6.318680909090907 0.124388 0.0
13 6.3824170909090885 0.124388 0.0
14 6.44615327272727 0.124388 0.0
15 6.509889454545451 0.124388 0.0
16 6.573625636363633 0.124388 0.0
17 6.637361818181814 0.124388 0.0
18 6.701098 0.0 0.0
19 6.728270909090909 0.0 0.0
20 6.755443818181819 0.0 0.0
21 6.782616727272728 0.0 0.0
22 6.809789636363638 0.0 0.0
23 6.836962545454547 0.0 0.0
24 6.8641354545454565 0.0 0.0
25 6.891308363636366 0.0 0.0
26 6.918481272727275 0.0 0.0
27 6.945654181818185 0.0 0.0
28 6.972827090909094 0.0 0.0
29 7.0 0.0 0.0
30 8.0 0.0 0.0
31 9.0 0.0 0.0
32 10.0 0.0 0.0
33 11.0 0.0 0.0
34 12.0 0.0 0.0
35 13.0 0.0 0.0
36 14.0 0.0 0.0
37 15.0 0.0 0.0
38 16.0 0.0 0.0
39 17.0 0.0 0.0
40 18.0 0.0 0.0
41 19.0 0.0 0.0
42 20.0 0.0 0.0
TABLE_3_22
N 42

1 0.000001 0.124388 0.0
2 1.0 0.124388 0.0
3 2.0 0.124388 0.0
4 3.0 0.124388 0.0
5 4.0 0.124388 0.0
6 5.0 0.124388 0.0
7 6.0 0.124388 0.0
8 6.0770016363636365 0.124388 0.0
9 6.154003272727273 0.124388 0.0
10 6.23100490909091 0.124388 0.0
11 6.308006545454546 0.124388 0.0
12 6.385008181818183 0.124388 0.0
13 6.462009818181819 0.124388 0.0
14 6.539011454545456 0.124388 0.0
15 6.616013090909092 0.124388 0.0
16 6.693014727272729 0.124388 0.0
17 6.7700163636363655 0.124388 0.0
18 6.847018 0.0 0.0
19 6.8609254545454545 0.0 0.0
20 6.874832909090909 0.0 0.0
21 6.888740363636363 0.0 0.0
22 6.902647818181817 0.0 0.0
23 6.916555272727272 0.0 0.0
24 6.930462727272726 0.0 0.0
25 6.94437018181818 0.0 0.0
26 6.9582776363636345 0.0 0.0
27 6.972185090909089 0.0 0.0
28 6.986092545454543 0.0 0.0
29 7.0 0.0 0.0
30 8.0 0.0 0.0
31 9.0 0.0 0.0
32 10.0 0.0 0.0
33 11.0 0.0 0.0
34 12.0 0.0 0.0
35 13.0 0.0 0.0
36 14.0 0.0 0.0
37 15.0 0.0 0.0
38 16.0 0.0 0.0
39 17.0 0.0 0.0
40 18.0 0.0 0.0
41 19.0 0.0 0.0
42 20.0 0.0 0.0
TABLE_3_23
N 42

1 0.000001 0.124388 0.0
2 1.0 0.124388 0.0
3 2.0 0.124388 0.0
4 3.0 0.124388 0.0
5 4.0 0.124388 0.0
6 5.0 0.124388 0.0
7 6.0 0.124388 0.0
8 7.0 0.124388 0.0
9 7.024868545454545 0.124388 0.0
10 7.04973709090909 0.124388 0.0
11 7.074605636363636 0.124388 0.0
12 7.099474181818181 0.124388 0.0
13 7.124342727272726 0.124388 0.0
14 7.149211272727271 0.124388 0.0
15 7.174079818181816 0.124388 0.0
16 7.198948363636362 0.124388 0.0
17 7.223816909090907 0.124388 0.0
18 7.248685454545452 0.124388 0.0
19 7.273554 0.0 0.0
20 7.3395945454545455 0.0 0.0
21 7.405635090909091 0.0 0.0
22 7.471675636363637 0.0 0.0
23 7.537716181818182 0.0 0.0
24 7.603756727272728 0.0 0.0
25 7.669797272727274 0.0 0.0
26 7.735837818181819 0.0 0.0
27 7.801878363636365 0.0 0.0
28 7.8679189090909105 0.0 0.0
29 7.933959454545456 0.0 0.0
30 8.0 0.0 0.0
31 9.0 0.0 0.0
32 10.0 0.0 0.0
33 11.0 0.0 0.0
34 12.0 0.0 0.0
35 13.0 0.0 0.0
36 14.0 0.0 0.0
37 15.0 0.0 0.0
38 16.0 0.0 0.0
39 17.0 0.0 0.0
40 18.0 0.0 0.0
41 19.0 0.0 0.0
42 20.0 0.0 0.0
TABLE_4_4
N 42

1 0.000001 0.20551 0.0
2 1.0 0.20551 0.0
3 2.0 0.20551 0.0
4 3.0 0.20551 0.0
5 4.0 0.20551 0.0
6 5.0 0.20551 0.0
7 6.0 0.20551 0.0
8 6.0586340909090906 0.20551 0.0
9 6.117268181818181 0.20551 0.0
10 6.175902272727272 0.20551 0.0
11 6.234536363636362 0.20551 0.0
12 6.293170454545453 0.20551 0.0
13 6.351804545454543 0.20551 0.0
14 6.410438636363634 0.20551 0.0
15 6.469072727272724 0.20551 0.0
16 6.527706818181815 0.20551 0.0
17 6.5863409090909055 0.20551 0.0
18 6.644975 0.0 0.0
19 6.67725 0.0 0.0
20 6.709525 0.0 0.0
21 6.7418000000000005 0.0 0.0
22 6.774075000000001 0.0 0.0
23 6.806350000000001 0.0 0.0
24 6.838625000000001 0.0 0.0
25 6.870900000000002 0.0 0.0
26 6.903175000000002 0.0 0.0
27 6.935450000000002 0.0 0.0
28 6.967725000000002 0.0 0.0
29 7.0 0.0 0.0
30 8.0 0.0 0.0
31 9.0 0.0 0.0
32 10.0 0.0 0.0
33 11.0 0.0 0.0
34 12.0 0.0 0.0
35 13.0 0.0 0.0
36 14.0 0.0 0.0
37 15.0 0.0 0.0
38 16.0 0.0 0.0
39 17.0 0.0 0.0
40 18.0 0.0 0.0
41 19.0 0.0 0.0
42 20.0 0.0 0.0
TABLE_4_6
N 42

1 0.000001 0.121684 0.0
2 1.0 0.121684 0.0
3 2.0 0.121684 0.0
4 3.0 0.121684 0.0
5 4.0 0.121684 0.0
6 5.0 0.121684 0.0
7 5.077093363636363 0.121684 0.0
8 5.154186727272727 0.121684 0.0
9 5.23128009090909 0.121684 0.0
10 5.308373454545453 0.121684 0.0
11 5.385466818181817 0.121684 0.0
12 5.46256018181818 0.121684 0.0
13 5.539653545454543 0.121684 0.0
14 5.616746909090907 0.121684 0.0
15 5.69384027272727 0.121684 0.0
16 5.770933636363633 0.121684 0.0
17 5.848027 0.0 0.0
18 5.861842727272728 0.0 0.0
19 5.875658454545455 0.0 0.0
20 5.889474181818183 0.0 0.0
21 5.90328990909091 0.0 0.0
22 5.917105636363638 0.0 0.0
23 5.930921363636365 0.0 0.0
24 5.944737090909093 0.0 0.0
25 5.95855281818182 0.0 0.0
26 5.972368545454548 0.0 0.0
27 5.986184272727275 0.0 0.0
28 6.0 0.0 0.0
29 7.0 0.0 0.0
30 8.0 0.0 0.0
31 9.0 0.0 0.0
32 10.0 0.0 0.0
33 11.0 0.0 0.0
34 12.0 0.0 0.0
35 13.0 0.0 0.0
36 14.0 0.0 0.0
37 15.0 0.0 0.0
38 16.0 0.0 0.0
39 17.0 0.0 0.0
40 18.0 0.0 0.0
41 19.0 0.0 0.0
42 20.0 0.0 0.0
TABLE_4_12
N 42

1 0.000001 0.043265 0.0
2 1.0 0.043265 0.0
3 2.0 0.043265 0.0
4 3.0 0.043265 0.0
5 4.0 0.043265 0.0
6 5.0 0.043265 0.0
7 6.0 0.043265 0.0
8 6.0463890909090905 0.043265 0.0
9 6.092778181818181 0.043265 0.0
10 6.1391672727272715 0.043265 0.0
11 6.185556363636362 0.043265 0.0
12 6.2319454545454525 0.043265 0.0
13 6.278334545454543 0.043265 0.0
14 6.324723636363633 0.043265 0.0
15 6.371112727272724 0.043265 0.0
16 6.417501818181814 0.043265 0.0
17 6.463890909090905 0.043265 0.0
18 6.51028 0.0 0.0
19 6.5548 0.0 0.0
20 6.5993200000000005 0.0 0.0
21 6.643840000000001 0.0 0.0
22 6.688360000000001 0.0 0.0
23 6.7328800000000015 0.0 0.0
24 6.777400000000002 0.0 0.0
25 6.821920000000002 0.0 0.0
26 6.8664400000000025 0.0 0.0
27 6.910960000000003 0.0 0.0
28 6.955480000000003 0.0 0.0
29 7.0 0.0 0.0
30 8.0 0.0 0.0
31 9.0 0.0 0.0
32 10.0 0.0 0.0
33 11.0 0.0 0.0
34 12.0 0.0 0.0
35 13.0 0.0 0.0
36 14.0 0.0 0.0
37 15.0 0.0 0.0
38 16.0 0.0 0.0
39 17.0 0.0 0.0
40 18.0 0.0 0.0
41 19.0 0.0 0.0
42 20.0 0.0 0.0
TABLE_4_13
N 42

1 0.000001 0.110867 0.0
2 1.0 0.110867 0.0
3 2.0 0.110867 0.0
4 3.0 0.110867 0.0
5 4.0 0.110867 0.0
6 5.0 0.110867 0.0
7 6.0 0.110867 0.0
8 6.040266545454545 0.110867 0.0
9 6.080533090909091 0.110867 0.0
10 6.120799636363636 0.110867 0.0
11 6.161066181818182 0.110867 0.0
12 6.201332727272727 0.110867 0.0
13 6.241599272727273 0.110867 0.0
14 6.281865818181818 0.110867 0.0
15 6.3221323636363636 0.110867 0.0
16 6.362398909090909 0.110867 0.0
17 6.402665454545454 0.110867 0.0
18 6.442932 0.0 0.0
19 6.493574545454545 0.0 0.0
20 6.544217090909091 0.0 0.0
21 6.594859636363636 0.0 0.0
22 6.645502181818181 0.0 0.0
23 6.696144727272727 0.0 0.0
24 6.746787272727272 0.0 0.0
25 6.797429818181818 0.0 0.0
26 6.848072363636363 0.0 0.0
27 6.898714909090908 0.0 0.0
28 6.949357454545454 0.0 0.0
29 7.0 0.0 0.0
30 8.0 0.0 0.0
31 9.0 0.0 0.0
32 10.0 0.0 0.0
33 11.0 0.0 0.0
34 12.0 0.0 0.0
35 13.0 0.0 0.0
36 14.0 0.0 0.0
37 15.0 0.0 0.0
38 16.0 0.0 0.0
39 17.0 0.0 0.0
40 18.0 0.0 0.0
41 19.0 0.0 0.0
42 20.0 0.0 0.0
TABLE_4_14
N 42

1 0.000001 0.067602 0.0
2 1.0 0.067602 0.0
3 2.0 0.067602 0.0
4 3.0 0.067602 0.0
5 4.0 0.067602 0.0
6 5.0 0.067602 0.0
7 6.0 0.067602 0.0
8 6.063736181818181 0.067602 0.0
9 6.127472363636363 0.067602 0.0
10 6.191208545454544 0.067602 0.0
11 6.254944727272726 0.067602 0.0
12 6.318680909090907 0.067602 0.0
13 6.3824170909090885 0.067602 0.0
14 6.44615327272727 0.067602 0.0
15 6.509889454545451 0.067602 0.0
16 6.573625636363633 0.067602 0.0
17 6.637361818181814 0.067602 0.0
18 6.701098 0.0 0.0
19 6.728270909090909 0.0 0.0
20 6.755443818181819 0.0 0.0
21 6.782616727272728 0.0 0.0
22 6.809789636363638 0.0 0.0
23 6.836962545454547 0.0 0.0
24 6.8641354545454565 0.0 0.0
25 6.891308363636366 0.0 0.0
26 6.918481272727275 0.0 0.0
27 6.945654181818185 0.0 0.0
28 6.972827090909094 0.0 0.0
29 7.0 0.0 0.0
30 8.0 0.0 0.0
31 9.0 0.0 0.0
32 10.0 0.0 0.0
33 11.0 0.0 0.0
34 12.0 0.0 0.0
35 13.0 0.0 0.0
36 14.0 0.0 0.0
37 15.0 0.0 0.0
38 16.0 0.0 0.0
39 17.0 0.0 0.0
40 18.0 0.0 0.0
41 19.0 0.0 0.0
42 20.0 0.0 0.0
TABLE_4_16
N 42

1 0.000001 0.051378 0.0
2 1.0 0.051378 0.0
3 2.0 0.051378 0.0
4 3.0 0.051378 0.0
5 4.0 0.051378 0.0
6 5.0 0.051378 0.0
7 6.0 0.051378 0.0
8 6.020878545454545 0.051378 0.0
9 6.0417570909090905 0.051378 0.0
10 6.062635636363636 0.051378 0.0
11 6.083514181818181 0.051378 0.0
12 6.104392727272726 0.051378 0.0
13 6.125271272727272 0.051378 0.0
14 6.146149818181817 0.051378 0.0
15 6.167028363636362 0.051378 0.0
16 6.187906909090907 0.051378 0.0
17 6.208785454545453 0.051378 0.0
18 6.229664 0.0 0.0
19 6.299694545454545 0.0 0.0
20 6.369725090909091 0.0 0.0
21 6.439755636363636 0.0 0.0
22 6.509786181818182 0.0 0.0
23 6.5798167272727275 0.0 0.0
24 6.649847272727273 0.0 0.0
25 6.719877818181819 0.0 0.0
26 6.789908363636364 0.0 0.0
27 6.85993890909091 0.0 0.0
28 6.929969454545455 0.0 0.0
29 7.0 0.0 0.0
30 8.0 0.0 0.0
31 9.0 0.0 0.0
32 10.0 0.0 0.0
33 11.0 0.0 0.0
34 12.0 0.0 0.0
35 13.0 0.0 0.0
36 14.0 0.0 0.0
37 15.0 0.0 0.0
38 16.0 0.0 0.0
39 17.0 0.0 0.0
40 18.0 0.0 0.0
41 19.0 0.0 0.0
42 20.0 0.0 0.0
TABLE_4_21
N 42

1 0.000001 0.175765 0.0
2 1.0 0.175765 0.0
3 2.0 0.175765 0.0
4 3.0 0.175765 0.0
5 4.0 0.175765 0.0
6 5.0 0.175765 0.0
7 6.0 0.175765 0.0
8 6.081083363636363 0.175765 0.0
9 6.1621667272727265 0.175765 0.0
10 6.24325009090909 0.175765 0.0
11 6.324333454545453 0.175765 0.0
12 6.405416818181816 0.175765 0.0
13 6.4865001818181796 0.175765 0.0
14 6.567583545454543 0.175765 0.0
15 6.648666909090906 0.175765 0.0
16 6.729750272727269 0.175765 0.0
17 6.810833636363633 0.175765 0.0
18 6.891917 0.0 0.0
19 6.901742727272728 0.0 0.0
20 6.911568454545455 0.0 0.0
21 6.921394181818183 0.0 0.0
22 6.931219909090911 0.0 0.0
23 6.941045636363638 0.0 0.0
24 6.950871363636366 0.0 0.0
25 6.960697090909093 0.0 0.0
26 6.970522818181821 0.0 0.0
27 6.980348545454548 0.0 0.0
28 6.990174272727276 0.0 0.0
29 7.0 0.0 0.0
30 8.0 0.0 0.0
31 9.0 0.0 0.0
32 10.0 0.0 0.0
33 11.0 0.0 0.0
34 12.0 0.0 0.0
35 13.0 0.0 0.0
36 14.0 0.0 0.0
37 15.0 0.0 0.0
38 16.0 0.0 0.0
39 17.0 0.0 0.0
40 18.0 0.0 0.0
41 19.0 0.0 0.0
42 20.0 0.0 0.0
TABLE_4_22
N 42

1 0.000001 0.175765 0.0
2 1.0 0.175765 0.0
3 2.0 0.175765 0.0
4 3.0 0.175765 0.0
5 4.0 0.175765 0.0
6 5.0 0.175765 0.0
7 6.0 0.175765 0.0
8 7.0 0.175765 0.0
9 7.003439727272728 0.175765 0.0
10 7.006879454545455 0.175765 0.0
11 7.010319181818183 0.175765 0.0
12 7.01375890909091 0.175765 0.0
13 7.017198636363638 0.175765 0.0
14 7.020638363636365 0.175765 0.0
15 7.024078090909093 0.175765 0.0
16 7.0275178181818205 0.175765 0.0
17 7.030957545454548 0.175765 0.0
18 7.034397272727276 0.175765 0.0
19 7.037837 0.0 0.0
20 7.125306363636363 0.0 0.0
21 7.212775727272726 0.0 0.0
22 7.3002450909090895 0.0 0.0
23 7.387714454545453 0.0 0.0
24 7.475183818181816 0.0 0.0
25 7.562653181818179 0.0 0.0
26 7.6501225454545425 0.0 0.0
27 7.737591909090906 0.0 0.0
28 7.825061272727269 0.0 0.0
29 7.912530636363632 0.0 0.0
30 8.0 0.0 0.0
31 9.0 0.0 0.0
32 10.0 0.0 0.0
33 11.0 0.0 0.0
34 12.0 0.0 0.0
35 13.0 0.0 0.0
36 14.0 0.0 0.0
37 15.0 0.0 0.0
38 16.0 0.0 0.0
39 17.0 0.0 0.0
40 18.0 0.0 0.0
41 19.0 0.0 0.0
42 20.0 0.0 0.0
TABLE_4_23
N 42

1 0.000001 0.175765 0.0
2 1.0 0.175765 0.0
3 2.0 0.175765 0.0
4 3.0 0.175765 0.0
5 4.0 0.175765 0.0
6 5.0 0.175765 0.0
7 6.0 0.175765 0.0
8 7.0 0.175765 0.0
9 7.042215727272727 0.175765 0.0
10 7.084431454545454 0.175765 0.0
11 7.126647181818181 0.175765 0.0
12 7.168862909090908 0.175765 0.0
13 7.211078636363635 0.175765 0.0
14 7.253294363636362 0.175765 0.0
15 7.295510090909089 0.175765 0.0
16 7.337725818181816 0.175765 0.0
17 7.379941545454543 0.175765 0.0
18 7.42215727272727 0.175765 0.0
19 7.464373 0.0 0.0
20 7.513066363636364 0.0 0.0
21 7.561759727272728 0.0 0.0
22 7.6104530909090915 0.0 0.0
23 7.659146454545455 0.0 0.0
24 7.707839818181819 0.0 0.0
25 7.756533181818183 0.0 0.0
26 7.805226545454547 0.0 0.0
27 7.85391990909091 0.0 0.0
28 7.902613272727274 0.0 0.0
29 7.951306636363638 0.0 0.0
30 8.0 0.0 0.0
31 9.0 0.0 0.0
32 10.0 0.0 0.0
33 11.0 0.0 0.0
34 12.0 0.0 0.0
35 13.0 0.0 0.0
36 14.0 0.0 0.0
37 15.0 0.0 0.0
38 16.0 0.0 0.0
39 17.0 0.0 0.0
40 18.0 0.0 0.0
41 19.0 0.0 0.0
42 20.0 0.0 0.0
TABLE_6_9
N 42

1 0.000001 0.140612 0.0
2 1.0 0.140612 0.0
3 2.0 0.140612 0.0
4 3.0 0.140612 0.0
5 4.0 0.140612 0.0
6 5.0 0.140612 0.0
7 6.0 0.140612 0.0
8 6.008633545454545 0.140612 0.0
9 6.01726709090909 0.140612 0.0
10 6.025900636363636 0.140612 0.0
11 6.034534181818181 0.140612 0.0
12 6.043167727272726 0.140612 0.0
13 6.051801272727271 0.140612 0.0
14 6.060434818181816 0.140612 0.0
15 6.069068363636362 0.140612 0.0
16 6.077701909090907 0.140612 0.0
17 6.086335454545452 0.140612 0.0
18 6.094969 0.0 0.0
19 6.1772445454545455 0.0 0.0
20 6.259520090909091 0.0 0.0
21 6.341795636363637 0.0 0.0
22 6.424071181818182 0.0 0.0
23 6.506346727272728 0.0 0.0
24 6.588622272727274 0.0 0.0
25 6.670897818181819 0.0 0.0
26 6.753173363636365 0.0 0.0
27 6.8354489090909105 0.0 0.0
28 6.917724454545456 0.0 0.0
29 7.0 0.0 0.0
30 8.0 0.0 0.0
31 9.0 0.0 0.0
32 10.0 0.0 0.0
33 11.0 0.0 0.0
34 12.0 0.0 0.0
35 13.0 0.0 0.0
36 14.0 0.0 0.0
37 15.0 0.0 0.0
38 16.0 0.0 0.0
39 17.0 0.0 0.0
40 18.0 0.0 0.0
41 19.0 0.0 0.0
42 20.0 0.0 0.0
TABLE_6_14
N 42

1 0.000001 0.002704 0.0
2 1.0 0.002704 0.0
3 2.0 0.002704 0.0
4 3.0 0.002704 0.0
5 4.0 0.002704 0.0
6 5.0 0.002704 0.0
7 5.082195454545454 0.002704 0.0
8 5.164390909090908 0.002704 0.0
9 5.2465863636363625 0.002704 0.0
10 5.328781818181817 0.002704 0.0
11 5.410977272727271 0.002704 0.0
12 5.493172727272725 0.002704 0.0
13 5.575368181818179 0.002704 0.0
14 5.6575636363636335 0.002704 0.0
15 5.739759090909088 0.002704 0.0
16 5.821954545454542 0.002704 0.0
17 5.90415 0.0 0.0
18 5.912863636363636 0.0 0.0
19 5.921577272727273 0.0 0.0
20 5.9302909090909095 0.0 0.0
21 5.939004545454546 0.0 0.0
22 5.947718181818183 0.0 0.0
23 5.956431818181819 0.0 0.0
24 5.965145454545456 0.0 0.0
25 5.973859090909093 0.0 0.0
26 5.982572727272729 0.0 0.0
27 5.991286363636366 0.0 0.0
28 6.0 0.0 0.0
29 7.0 0.0 0.0
30 8.0 0.0 0.0
31 9.0 0.0 0.0
32 10.0 0.0 0.0
33 11.0 0.0 0.0
34 12.0 0.0 0.0
35 13.0 0.0 0.0
36 14.0 0.0 0.0
37 15.0 0.0 0.0
38 16.0 0.0 0.0
39 17.0 0.0 0.0
40 18.0 0.0 0.0
41 19.0 0.0 0.0
42 20.0 0.0 0.0
TABLE_6_21
N 42

1 0.000001 0.021633 0.0
2 1.0 0.021633 0.0
3 2.0 0.021633 0.0
4 3.0 0.021633 0.0
5 4.0 0.021633 0.0
6 5.0 0.021633 0.0
7 6.0 0.021633 0.0
8 6.008633545454545 0.021633 0.0
9 6.01726709090909 0.021633 0.0
10 6.025900636363636 0.021633 0.0
11 6.034534181818181 0.021633 0.0
12 6.043167727272726 0.021633 0.0
13 6.051801272727271 0.021633 0.0
14 6.060434818181816 0.021633 0.0
15 6.069068363636362 0.021633 0.0
16 6.077701909090907 0.021633 0.0
17 6.086335454545452 0.021633 0.0
18 6.094969 0.0 0.0
19 6.1772445454545455 0.0 0.0
20 6.259520090909091 0.0 0.0
21 6.341795636363637 0.0 0.0
22 6.424071181818182 0.0 0.0
23 6.506346727272728 0.0 0.0
24 6.588622272727274 0.0 0.0
25 6.670897818181819 0.0 0.0
26 6.753173363636365 0.0 0.0
27 6.8354489090909105 0.0 0.0
28 6.917724454545456 0.0 0.0
29 7.0 0.0 0.0
30 8.0 0.0 0.0
31 9.0 0.0 0.0
32 10.0 0.0 0.0
33 11.0 0.0 0.0
34 12.0 0.0 0.0
35 13.0 0.0 0.0
36 14.0 0.0 0.0
37 15.0 0.0 0.0
38 16.0 0.0 0.0
39 17.0 0.0 0.0
40 18.0 0.0 0.0
41 19.0 0.0 0.0
42 20.0 0.0 0.0
TABLE_6_22
N 42

1 0.000001 0.021633 0.0
2 1.0 0.021633 0.0
3 2.0 0.021633 0.0
4 3.0 0.021633 0.0
5 4.0 0.021633 0.0
6 5.0 0.021633 0.0
7 6.0 0.021633 0.0
8 6.021899 0.021633 0.0
9 6.043798000000001 0.021633 0.0
10 6.065697000000001 0.021633 0.0
11 6.087596000000001 0.021633 0.0
12 6.109495000000002 0.021633 0.0
13 6.131394000000002 0.021633 0.0
14 6.153293000000002 0.021633 0.0
15 6.175192000000003 0.021633 0.0
16 6.197091000000003 0.021633 0.0
17 6.218990000000003 0.021633 0.0
18 6.240889 0.0 0.0
19 6.309899090909091 0.0 0.0
20 6.378909181818181 0.0 0.0
21 6.447919272727272 0.0 0.0
22 6.516929363636362 0.0 0.0
23 6.585939454545453 0.0 0.0
24 6.654949545454543 0.0 0.0
25 6.723959636363634 0.0 0.0
26 6.792969727272724 0.0 0.0
27 6.861979818181815 0.0 0.0
28 6.930989909090905 0.0 0.0
29 7.0 0.0 0.0
30 8.0 0.0 0.0
31 9.0 0.0 0.0
32 10.0 0.0 0.0
33 11.0 0.0 0.0
34 12.0 0.0 0.0
35 13.0 0.0 0.0
36 14.0 0.0 0.0
37 15.0 0.0 0.0
38 16.0 0.0 0.0
39 17.0 0.0 0.0
40 18.0 0.0 0.0
41 19.0 0.0 0.0
42 20.0 0.0 0.0
TABLE_6_23
N 42

1 0.000001 0.021633 0.0
2 1.0 0.021633 0.0
3 2.0 0.021633 0.0
4 3.0 0.021633 0.0
5 4.0 0.021633 0.0
6 5.0 0.021633 0.0
7 6.0 0.021633 0.0
8 6.060675 0.021633 0.0
9 6.12135 0.021633 0.0
10 6.182024999999999 0.021633 0.0
11 6.242699999999999 0.021633 0.0
12 6.303374999999999 0.021633 0.0
13 6.364049999999999 0.021633 0.0
14 6.424724999999999 0.021633 0.0
15 6.4853999999999985 0.021633 0.0
16 6.546074999999998 0.021633 0.0
17 6.606749999999998 0.021633 0.0
18 6.667425 0.0 0.0
19 6.697659090909091 0.0 0.0
20 6.727893181818182 0.0 0.0
21 6.758127272727273 0.0 0.0
22 6.788361363636364 0.0 0.0
23 6.818595454545455 0.0 0.0
24 6.848829545454546 0.0 0.0
25 6.879063636363637 0.0 0.0
26 6.909297727272728 0.0 0.0
27 6.939531818181819 0.0 0.0
28 6.96976590909091 0.0 0.0
29 7.0 0.0 0.0
30 8.0 0.0 0.0
31 9.0 0.0 0.0
32 10.0 0.0 0.0
33 11.0 0.0 0.0
34 12.0 0.0 0.0
35 13.0 0.0 0.0
36 14.0 0.0 0.0
37 15.0 0.0 0.0
38 16.0 0.0 0.0
39 17.0 0.0 0.0
40 18.0 0.0 0.0
41 19.0 0.0 0.0
42 20.0 0.0 0.0
TABLE_7_9
N 42

1 0.000001 0.086531 0.0
2 1.0 0.086531 0.0
3 2.0 0.086531 0.0
4 3.0 0.086531 0.0
5 4.0 0.086531 0.0
6 5.0 0.086531 0.0
7 6.0 0.086531 0.0
8 6.0892467272727275 0.086531 0.0
9 6.178493454545455 0.086531 0.0
10 6.267740181818183 0.086531 0.0
11 6.35698690909091 0.086531 0.0
12 6.446233636363638 0.086531 0.0
13 6.535480363636365 0.086531 0.0
14 6.624727090909093 0.086531 0.0
15 6.71397381818182 0.086531 0.0
16 6.803220545454548 0.086531 0.0
17 6.892467272727275 0.086531 0.0
18 6.981714 0.0 0.0
19 6.9833763636363635 0.0 0.0
20 6.985038727272727 0.0 0.0
21 6.98670109090909 0.0 0.0
22 6.988363454545453 0.0 0.0
23 6.990025818181817 0.0 0.0
24 6.99168818181818 0.0 0.0
25 6.993350545454543 0.0 0.0
26 6.995012909090907 0.0 0.0
27 6.99667527272727 0.0 0.0
28 6.998337636363633 0.0 0.0
29 7.0 0.0 0.0
30 8.0 0.0 0.0
31 9.0 0.0 0.0
32 10.0 0.0 0.0
33 11.0 0.0 0.0
34 12.0 0.0 0.0
35 13.0 0.0 0.0
36 14.0 0.0 0.0
37 15.0 0.0 0.0
38 16.0 0.0 0.0
39 17.0 0.0 0.0
40 18.0 0.0 0.0
41 19.0 0.0 0.0
42 20.0 0.0 0.0
TABLE_9_9
N 42

1 0.000001 0.419132 0.0
2 1.0 0.419132 0.0
3 2.0 0.419132 0.0
4 3.0 0.419132 0.0
5 4.0 0.419132 0.0
6 5.0 0.419132 0.0
7 6.0 0.419132 0.0
8 7.0 0.419132 0.0
9 7.012623545454545 0.419132 0.0
10 7.02524709090909 0.419132 0.0
11 7.037870636363635 0.419132 0.0
12 7.0504941818181806 0.419132 0.0
13 7.063117727272726 0.419132 0.0
14 7.075741272727271 0.419132 0.0
15 7.088364818181816 0.419132 0.0
16 7.100988363636361 0.419132 0.0
17 7.113611909090906 0.419132 0.0
18 7.126235454545451 0.419132 0.0
19 7.138859 0.0 0.0
20 7.217144545454546 0.0 0.0
21 7.2954300909090914 0.0 0.0
22 7.373715636363637 0.0 0.0
23 7.452001181818183 0.0 0.0
24 7.5302867272727285 0.0 0.0
25 7.608572272727274 0.0 0.0
26 7.68685781818182 0.0 0.0
27 7.765143363636366 0.0 0.0
28 7.843428909090911 0.0 0.0
29 7.921714454545457 0.0 0.0
30 8.0 0.0 0.0
31 9.0 0.0 0.0
32 10.0 0.0 0.0
33 11.0 0.0 0.0
34 12.0 0.0 0.0
35 13.0 0.0 0.0
36 14.0 0.0 0.0
37 15.0 0.0 0.0
38 16.0 0.0 0.0
39 17.0 0.0 0.0
40 18.0 0.0 0.0
41 19.0 0.0 0.0
42 20.0 0.0 0.0
TABLE_9_12
N 42

1 0.000001 0.124388 0.0
2 1.0 0.124388 0.0
3 2.0 0.124388 0.0
4 3.0 0.124388 0.0
5 4.0 0.124388 0.0
6 5.0 0.124388 0.0
7 6.0 0.124388 0.0
8 6.068838363636363 0.124388 0.0
9 6.137676727272726 0.124388 0.0
10 6.20651509090909 0.124388 0.0
11 6.275353454545453 0.124388 0.0
12 6.344191818181816 0.124388 0.0
13 6.413030181818179 0.124388 0.0
14 6.481868545454542 0.124388 0.0
15 6.550706909090906 0.124388 0.0
16 6.619545272727269 0.124388 0.0
17 6.688383636363632 0.124388 0.0
18 6.757222 0.0 0.0
19 6.779292727272727 0.0 0.0
20 6.801363454545455 0.0 0.0
21 6.8234341818181825 0.0 0.0
22 6.84550490909091 0.0 0.0
23 6.867575636363638 0.0 0.0
24 6.889646363636365 0.0 0.0
25 6.911717090909093 0.0 0.0
26 6.933787818181821 0.0 0.0
27 6.955858545454548 0.0 0.0
28 6.977929272727276 0.0 0.0
29 7.0 0.0 0.0
30 8.0 0.0 0.0
31 9.0 0.0 0.0
32 10.0 0.0 0.0
33 11.0 0.0 0.0
34 12.0 0.0 0.0
35 13.0 0.0 0.0
36 14.0 0.0 0.0
37 15.0 0.0 0.0
38 16.0 0.0 0.0
39 17.0 0.0 0.0
40 18.0 0.0 0.0
41 19.0 0.0 0.0
42 20.0 0.0 0.0
TABLE_9_13
N 42

1 0.000001 0.189286 0.0
2 1.0 0.189286 0.0
3 2.0 0.189286 0.0
4 3.0 0.189286 0.0
5 4.0 0.189286 0.0
6 5.0 0.189286 0.0
7 6.0 0.189286 0.0
8 6.062715818181818 0.189286 0.0
9 6.125431636363636 0.189286 0.0
10 6.1881474545454545 0.189286 0.0
11 6.250863272727273 0.189286 0.0
12 6.313579090909091 0.189286 0.0
13 6.376294909090909 0.189286 0.0
14 6.439010727272727 0.189286 0.0
15 6.501726545454545 0.189286 0.0
16 6.564442363636363 0.189286 0.0
17 6.6271581818181815 0.189286 0.0
18 6.689874 0.0 0.0
19 6.718067272727272 0.0 0.0
20 6.746260545454545 0.0 0.0
21 6.774453818181818 0.0 0.0
22 6.80264709090909 0.0 0.0
23 6.830840363636363 0.0 0.0
24 6.859033636363636 0.0 0.0
25 6.887226909090908 0.0 0.0
26 6.915420181818181 0.0 0.0
27 6.943613454545454 0.0 0.0
28 6.971806727272726 0.0 0.0
29 7.0 0.0 0.0
30 8.0 0.0 0.0
31 9.0 0.0 0.0
32 10.0 0.0 0.0
33 11.0 0.0 0.0
34 12.0 0.0 0.0
35 13.0 0.0 0.0
36 14.0 0.0 0.0
37 15.0 0.0 0.0
38 16.0 0.0 0.0
39 17.0 0.0 0.0
40 18.0 0.0 0.0
41 19.0 0.0 0.0
42 20.0 0.0 0.0
TABLE_9_14
N 42

1 0.000001 0.102755 0.0
2 1.0 0.102755 0.0
3 2.0 0.102755 0.0
4 3.0 0.102755 0.0
5 4.0 0.102755 0.0
6 5.0 0.102755 0.0
7 6.0 0.102755 0.0
8 6.086185454545454 0.102755 0.0
9 6.172370909090908 0.102755 0.0
10 6.258556363636362 0.102755 0.0
11 6.3447418181818165 0.102755 0.0
12 6.430927272727271 0.102755 0.0
13 6.517112727272725 0.102755 0.0
14 6.603298181818179 0.102755 0.0
15 6.689483636363633 0.102755 0.0
16 6.775669090909087 0.102755 0.0
17 6.861854545454541 0.102755 0.0
18 6.94804 0.0 0.0
19 6.9527636363636365 0.0 0.0
20 6.957487272727273 0.0 0.0
21 6.96221090909091 0.0 0.0
22 6.966934545454547 0.0 0.0
23 6.971658181818183 0.0 0.0
24 6.97638181818182 0.0 0.0
25 6.981105454545457 0.0 0.0
26 6.985829090909093 0.0 0.0
27 6.99055272727273 0.0 0.0
28 6.995276363636367 0.0 0.0
29 7.0 0.0 0.0
30 8.0 0.0 0.0
31 9.0 0.0 0.0
32 10.0 0.0 0.0
33 11.0 0.0 0.0
34 12.0 0.0 0.0
35 13.0 0.0 0.0
36 14.0 0.0 0.0
37 15.0 0.0 0.0
38 16.0 0.0 0.0
39 17.0 0.0 0.0
40 18.0 0.0 0.0
41 19.0 0.0 0.0
42 20.0 0.0 0.0
TABLE_9_15
N 42

1 0.000001 0.292041 0.0
2 1.0 0.292041 0.0
3 2.0 0.292041 0.0
4 3.0 0.292041 0.0
5 4.0 0.292041 0.0
6 5.0 0.292041 0.0
7 6.0 0.292041 0.0
8 7.0 0.292041 0.0
9 7.022827727272727 0.292041 0.0
10 7.045655454545454 0.292041 0.0
11 7.068483181818181 0.292041 0.0
12 7.091310909090907 0.292041 0.0
13 7.114138636363634 0.292041 0.0
14 7.136966363636361 0.292041 0.0
15 7.159794090909088 0.292041 0.0
16 7.182621818181815 0.292041 0.0
17 7.205449545454542 0.292041 0.0
18 7.228277272727269 0.292041 0.0
19 7.251105 0.0 0.0
20 7.319186363636364 0.0 0.0
21 7.387267727272728 0.0 0.0
22 7.455349090909092 0.0 0.0
23 7.523430454545456 0.0 0.0
24 7.59151181818182 0.0 0.0
25 7.659593181818184 0.0 0.0
26 7.727674545454548 0.0 0.0
27 7.795755909090912 0.0 0.0
28 7.863837272727276 0.0 0.0
29 7.93191863636364 0.0 0.0
30 8.0 0.0 0.0
31 9.0 0.0 0.0
32 10.0 0.0 0.0
33 11.0 0.0 0.0
34 12.0 0.0 0.0
35 13.0 0.0 0.0
36 14.0 0.0 0.0
37 15.0 0.0 0.0
38 16.0 0.0 0.0
39 17.0 0.0 0.0
40 18.0 0.0 0.0
41 19.0 0.0 0.0
42 20.0 0.0 0.0
TABLE_9_16
N 42

1 0.000001 0.167653 0.0
2 1.0 0.167653 0.0
3 2.0 0.167653 0.0
4 3.0 0.167653 0.0
5 4.0 0.167653 0.0
6 5.0 0.167653 0.0
7 6.0 0.167653 0.0
8 6.043327818181818 0.167653 0.0
9 6.086655636363636 0.167653 0.0
10 6.129983454545454 0.167653 0.0
11 6.173311272727272 0.167653 0.0
12 6.21663909090909 0.167653 0.0
13 6.259966909090908 0.167653 0.0
14 6.303294727272726 0.167653 0.0
15 6.346622545454544 0.167653 0.0
16 6.389950363636362 0.167653 0.0
17 6.43327818181818 0.167653 0.0
18 6.476606 0.0 0.0
19 6.524187272727273 0.0 0.0
20 6.571768545454546 0.0 0.0
21 6.619349818181819 0.0 0.0
22 6.666931090909092 0.0 0.0
23 6.714512363636365 0.0 0.0
24 6.7620936363636375 0.0 0.0
25 6.80967490909091 0.0 0.0
26 6.857256181818183 0.0 0.0
27 6.904837454545456 0.0 0.0
28 6.952418727272729 0.0 0.0
29 7.0 0.0 0.0
30 8.0 0.0 0.0
31 9.0 0.0 0.0
32 10.0 0.0 0.0
33 11.0 0.0 0.0
34 12.0 0.0 0.0
35 13.0 0.0 0.0
36 14.0 0.0 0.0
37 15.0 0.0 0.0
38 16.0 0.0 0.0
39 17.0 0.0 0.0
40 18.0 0.0 0.0
41 19.0 0.0 0.0
42 20.0 0.0 0.0
TABLE_9_17
N 42

1 0.000001 0.097347 0.0
2 1.0 0.097347 0.0
3 2.0 0.097347 0.0
4 3.0 0.097347 0.0
5 4.0 0.097347 0.0
6 5.0 0.097347 0.0
7 6.0 0.097347 0.0
8 6.065777090909091 0.097347 0.0
9 6.131554181818181 0.097347 0.0
10 6.197331272727272 0.097347 0.0
11 6.263108363636363 0.097347 0.0
12 6.328885454545453 0.097347 0.0
13 6.394662545454544 0.097347 0.0
14 6.460439636363635 0.097347 0.0
15 6.526216727272725 0.097347 0.0
16 6.591993818181816 0.097347 0.0
17 6.657770909090907 0.097347 0.0
18 6.723548 0.0 0.0
19 6.74868 0.0 0.0
20 6.773812 0.0 0.0
21 6.7989440000000005 0.0 0.0
22 6.824076000000001 0.0 0.0
23 6.849208000000001 0.0 0.0
24 6.874340000000001 0.0 0.0
25 6.899472000000001 0.0 0.0
26 6.924604000000001 0.0 0.0
27 6.9497360000000015 0.0 0.0
28 6.974868000000002 0.0 0.0
29 7.0 0.0 0.0
30 8.0 0.0 0.0
31 9.0 0.0 0.0
32 10.0 0.0 0.0
33 11.0 0.0 0.0
34 12.0 0.0 0.0
35 13.0 0.0 0.0
36 14.0 0.0 0.0
37 15.0 0.0 0.0
38 16.0 0.0 0.0
39 17.0 0.0 0.0
40 18.0 0.0 0.0
41 19.0 0.0 0.0
42 20.0 0.0 0.0
TABLE_12_13
N 42

1 0.000001 0.037857 0.0
2 1.0 0.037857 0.0
3 2.0 0.037857 0.0
4 3.0 0.037857 0.0
5 4.0 0.037857 0.0
6 5.0 0.037857 0.0
7 6.0 0.037857 0.0
8 6.028021545454545 0.037857 0.0
9 6.056043090909091 0.037857 0.0
10 6.084064636363636 0.037857 0.0
11 6.1120861818181815 0.037857 0.0
12 6.140107727272727 0.037857 0.0
13 6.168129272727272 0.037857 0.0
14 6.196150818181818 0.037857 0.0
15 6.224172363636363 0.037857 0.0
16 6.252193909090908 0.037857 0.0
17 6.280215454545454 0.037857 0.0
18 6.308237 0.0 0.0
19 6.3711245454545455 0.0 0.0
20 6.434012090909091 0.0 0.0
21 6.496899636363636 0.0 0.0
22 6.559787181818182 0.0 0.0
23 6.622674727272727 0.0 0.0
24 6.685562272727273 0.0 0.0
25 6.748449818181818 0.0 0.0
26 6.811337363636364 0.0 0.0
27 6.874224909090909 0.0 0.0
28 6.9371124545454546 0.0 0.0
29 7.0 0.0 0.0
30 8.0 0.0 0.0
31 9.0 0.0 0.0
32 10.0 0.0 0.0
33 11.0 0.0 0.0
34 12.0 0.0 0.0
35 13.0 0.0 0.0
36 14.0 0.0 0.0
37 15.0 0.0 0.0
38 16.0 0.0 0.0
39 17.0 0.0 0.0
40 18.0 0.0 0.0
41 19.0 0.0 0.0
42 20.0 0.0 0.0
TABLE_12_15
N 42

1 0.000001 0.008112 0.0
2 1.0 0.008112 0.0
3 2.0 0.008112 0.0
4 3.0 0.008112 0.0
5 4.0 0.008112 0.0
6 5.0 0.008112 0.0
7 6.0 0.008112 0.0
8 6.079042545454546 0.008112 0.0
9 6.158085090909092 0.008112 0.0
10 6.237127636363637 0.008112 0.0
11 6.316170181818183 0.008112 0.0
12 6.395212727272729 0.008112 0.0
13 6.474255272727275 0.008112 0.0
14 6.553297818181821 0.008112 0.0
15 6.6323403636363665 0.008112 0.0
16 6.711382909090912 0.008112 0.0
17 6.790425454545458 0.008112 0.0
18 6.869468 0.0 0.0
19 6.881334545454545 0.0 0.0
20 6.89320109090909 0.0 0.0
21 6.905067636363635 0.0 0.0
22 6.91693418181818 0.0 0.0
23 6.9288007272727254 0.0 0.0
24 6.9406672727272705 0.0 0.0
25 6.9525338181818155 0.0 0.0
26 6.9644003636363605 0.0 0.0
27 6.9762669090909055 0.0 0.0
28 6.9881334545454505 0.0 0.0
29 7.0 0.0 0.0
30 8.0 0.0 0.0
31 9.0 0.0 0.0
32 10.0 0.0 0.0
33 11.0 0.0 0.0
34 12.0 0.0 0.0
35 13.0 0.0 0.0
36 14.0 0.0 0.0
37 15.0 0.0 0.0
38 16.0 0.0 0.0
39 17.0 0.0 0.0
40 18.0 0.0 0.0
41 19.0 0.0 0.0
42 20.0 0.0 0.0
TABLE_12_16
N 42

1 0.000001 0.024337 0.0
2 1.0 0.024337 0.0
3 2.0 0.024337 0.0
4 3.0 0.024337 0.0
5 4.0 0.024337 0.0
6 5.0 0.024337 0.0
7 6.0 0.024337 0.0
8 6.008633545454545 0.024337 0.0
9 6.01726709090909 0.024337 0.0
10 6.025900636363636 0.024337 0.0
11 6.034534181818181 0.024337 0.0
12 6.043167727272726 0.024337 0.0
13 6.051801272727271 0.024337 0.0
14 6.060434818181816 0.024337 0.0
15 6.069068363636362 0.024337 0.0
16 6.077701909090907 0.024337 0.0
17 6.086335454545452 0.024337 0.0
18 6.094969 0.0 0.0
19 6.1772445454545455 0.0 0.0
20 6.259520090909091 0.0 0.0
21 6.341795636363637 0.0 0.0
22 6.424071181818182 0.0 0.0
23 6.506346727272728 0.0 0.0
24 6.588622272727274 0.0 0.0
25 6.670897818181819 0.0 0.0
26 6.753173363636365 0.0 0.0
27 6.8354489090909105 0.0 0.0
28 6.917724454545456 0.0 0.0
29 7.0 0.0 0.0
30 8.0 0.0 0.0
31 9.0 0.0 0.0
32 10.0 0.0 0.0
33 11.0 0.0 0.0
34 12.0 0.0 0.0
35 13.0 0.0 0.0
36 14.0 0.0 0.0
37 15.0 0.0 0.0
38 16.0 0.0 0.0
39 17.0 0.0 0.0
40 18.0 0.0 0.0
41 19.0 0.0 0.0
42 20.0 0.0 0.0
TABLE_13_16
N 42

1 0.000001 0.027041 0.0
2 1.0 0.027041 0.0
3 2.0 0.027041 0.0
4 3.0 0.027041 0.0
5 4.0 0.027041 0.0
6 5.0 0.027041 0.0
7 6.0 0.027041 0.0
8 6.002511 0.027041 0.0
9 6.005022 0.027041 0.0
10 6.0075330000000005 0.027041 0.0
11 6.010044000000001 0.027041 0.0
12 6.012555000000001 0.027041 0.0
13 6.015066000000001 0.027041 0.0
14 6.017577000000001 0.027041 0.0
15 6.020088000000001 0.027041 0.0
16 6.022599000000001 0.027041 0.0
17 6.0251100000000015 0.027041 0.0
18 6.027621 0.0 0.0
19 6.116019090909091 0.0 0.0
20 6.204417181818181 0.0 0.0
21 6.292815272727272 0.0 0.0
22 6.381213363636363 0.0 0.0
23 6.469611454545453 0.0 0.0
24 6.558009545454544 0.0 0.0
25 6.646407636363635 0.0 0.0
26 6.734805727272725 0.0 0.0
27 6.823203818181816 0.0 0.0
28 6.911601909090907 0.0 0.0
29 7.0 0.0 0.0
30 8.0 0.0 0.0
31 9.0 0.0 0.0
32 10.0 0.0 0.0
33 11.0 0.0 0.0
34 12.0 0.0 0.0
35 13.0 0.0 0.0
36 14.0 0.0 0.0
37 15.0 0.0 0.0
38 16.0 0.0 0.0
39 17.0 0.0 0.0
40 18.0 0.0 0.0
41 19.0 0.0 0.0
42 20.0 0.0 0.0
TABLE_13_21
N 42

1 0.000001 0.091939 0.0
2 1.0 0.091939 0.0
3 2.0 0.091939 0.0
4 3.0 0.091939 0.0
5 4.0 0.091939 0.0
6 5.0 0.091939 0.0
7 6.0 0.091939 0.0
8 6.062715818181818 0.091939 0.0
9 6.125431636363636 0.091939 0.0
10 6.1881474545454545 0.091939 0.0
11 6.250863272727273 0.091939 0.0
12 6.313579090909091 0.091939 0.0
13 6.376294909090909 0.091939 0.0
14 6.439010727272727 0.091939 0.0
15 6.501726545454545 0.091939 0.0
16 6.564442363636363 0.091939 0.0
17 6.6271581818181815 0.091939 0.0
18 6.689874 0.0 0.0
19 6.718067272727272 0.0 0.0
20 6.746260545454545 0.0 0.0
21 6.774453818181818 0.0 0.0
22 6.80264709090909 0.0 0.0
23 6.830840363636363 0.0 0.0
24 6.859033636363636 0.0 0.0
25 6.887226909090908 0.0 0.0
26 6.915420181818181 0.0 0.0
27 6.943613454545454 0.0 0.0
28 6.971806727272726 0.0 0.0
29 7.0 0.0 0.0
30 8.0 0.0 0.0
31 9.0 0.0 0.0
32 10.0 0.0 0.0
33 11.0 0.0 0.0
34 12.0 0.0 0.0
35 13.0 0.0 0.0
36 14.0 0.0 0.0
37 15.0 0.0 0.0
38 16.0 0.0 0.0
39 17.0 0.0 0.0
40 18.0 0.0 0.0
41 19.0 0.0 0.0
42 20.0 0.0 0.0
TABLE_13_22
N 42

1 0.000001 0.091939 0.0
2 1.0 0.091939 0.0
3 2.0 0.091939 0.0
4 3.0 0.091939 0.0
5 4.0 0.091939 0.0
6 5.0 0.091939 0.0
7 6.0 0.091939 0.0
8 6.075981272727272 0.091939 0.0
9 6.151962545454545 0.091939 0.0
10 6.227943818181817 0.091939 0.0
11 6.30392509090909 0.091939 0.0
12 6.379906363636362 0.091939 0.0
13 6.455887636363634 0.091939 0.0
14 6.531868909090907 0.091939 0.0
15 6.607850181818179 0.091939 0.0
16 6.683831454545452 0.091939 0.0
17 6.759812727272724 0.091939 0.0
18 6.835794 0.0 0.0
19 6.850721818181818 0.0 0.0
20 6.865649636363637 0.0 0.0
21 6.880577454545455 0.0 0.0
22 6.895505272727274 0.0 0.0
23 6.910433090909092 0.0 0.0
24 6.9253609090909105 0.0 0.0
25 6.940288727272729 0.0 0.0
26 6.955216545454547 0.0 0.0
27 6.970144363636366 0.0 0.0
28 6.985072181818184 0.0 0.0
29 7.0 0.0 0.0
30 8.0 0.0 0.0
31 9.0 0.0 0.0
32 10.0 0.0 0.0
33 11.0 0.0 0.0
34 12.0 0.0 0.0
35 13.0 0.0 0.0
36 14.0 0.0 0.0
37 15.0 0.0 0.0
38 16.0 0.0 0.0
39 17.0 0.0 0.0
40 18.0 0.0 0.0
41 19.0 0.0 0.0
42 20.0 0.0 0.0
TABLE_13_23
N 42

1 0.000001 0.091939 0.0
2 1.0 0.091939 0.0
3 2.0 0.091939 0.0
4 3.0 0.091939 0.0
5 4.0 0.091939 0.0
6 5.0 0.091939 0.0
7 6.0 0.091939 0.0
8 7.0 0.091939 0.0
9 7.023848090909091 0.091939 0.0
10 7.047696181818182 0.091939 0.0
11 7.071544272727273 0.091939 0.0
12 7.095392363636364 0.091939 0.0
13 7.119240454545455 0.091939 0.0
14 7.143088545454546 0.091939 0.0
15 7.166936636363637 0.091939 0.0
16 7.190784727272728 0.091939 0.0
17 7.214632818181819 0.091939 0.0
18 7.23848090909091 0.091939 0.0
19 7.262329 0.0 0.0
20 7.32939 0.0 0.0
21 7.396451 0.0 0.0
22 7.463512 0.0 0.0
23 7.5305729999999995 0.0 0.0
24 7.597633999999999 0.0 0.0
25 7.664694999999999 0.0 0.0
26 7.731755999999999 0.0 0.0
27 7.798816999999999 0.0 0.0
28 7.865877999999999 0.0 0.0
29 7.932938999999998 0.0 0.0
30 8.0 0.0 0.0
31 9.0 0.0 0.0
32 10.0 0.0 0.0
33 11.0 0.0 0.0
34 12.0 0.0 0.0
35 13.0 0.0 0.0
36 14.0 0.0 0.0
37 15.0 0.0 0.0
38 16.0 0.0 0.0
39 17.0 0.0 0.0
40 18.0 0.0 0.0
41 19.0 0.0 0.0
42 20.0 0.0 0.0
TABLE_14_14
N 42

1 0.000001 0.035153 0.0
2 1.0 0.035153 0.0
3 2.0 0.035153 0.0
4 3.0 0.035153 0.0
5 4.0 0.035153 0.0
6 5.0 0.035153 0.0
7 6.0 0.035153 0.0
8 6.068838363636363 0.035153 0.0
9 6.137676727272726 0.035153 0.0
10 6.20651509090909 0.035153 0.0
11 6.275353454545453 0.035153 0.0
12 6.344191818181816 0.035153 0.0
13 6.413030181818179 0.035153 0.0
14 6.481868545454542 0.035153 0.0
15 6.550706909090906 0.035153 0.0
16 6.619545272727269 0.035153 0.0
17 6.688383636363632 0.035153 0.0
18 6.757222 0.0 0.0
19 6.779292727272727 0.0 0.0
20 6.801363454545455 0.0 0.0
21 6.8234341818181825 0.0 0.0
22 6.84550490909091 0.0 0.0
23 6.867575636363638 0.0 0.0
24 6.889646363636365 0.0 0.0
25 6.911717090909093 0.0 0.0
26 6.933787818181821 0.0 0.0
27 6.955858545454548 0.0 0.0
28 6.977929272727276 0.0 0.0
29 7.0 0.0 0.0
30 8.0 0.0 0.0
31 9.0 0.0 0.0
32 10.0 0.0 0.0
33 11.0 0.0 0.0
34 12.0 0.0 0.0
35 13.0 0.0 0.0
36 14.0 0.0 0.0
37 15.0 0.0 0.0
38 16.0 0.0 0.0
39 17.0 0.0 0.0
40 18.0 0.0 0.0
41 19.0 0.0 0.0
42 20.0 0.0 0.0
TABLE_14_16
N 42

1 0.000001 0.048673 0.0
2 1.0 0.048673 0.0
3 2.0 0.048673 0.0
4 3.0 0.048673 0.0
5 4.0 0.048673 0.0
6 5.0 0.048673 0.0
7 6.0 0.048673 0.0
8 6.025980636363636 0.048673 0.0
9 6.051961272727272 0.048673 0.0
10 6.077941909090908 0.048673 0.0
11 6.1039225454545445 0.048673 0.0
12 6.129903181818181 0.048673 0.0
13 6.155883818181817 0.048673 0.0
14 6.181864454545453 0.048673 0.0
15 6.207845090909089 0.048673 0.0
16 6.233825727272725 0.048673 0.0
17 6.259806363636361 0.048673 0.0
18 6.285787 0.0 0.0
19 6.350715454545455 0.0 0.0
20 6.415643909090909 0.0 0.0
21 6.480572363636364 0.0 0.0
22 6.545500818181819 0.0 0.0
23 6.6104292727272735 0.0 0.0
24 6.675357727272728 0.0 0.0
25 6.740286181818183 0.0 0.0
26 6.805214636363638 0.0 0.0
27 6.870143090909092 0.0 0.0
28 6.935071545454547 0.0 0.0
29 7.0 0.0 0.0
30 8.0 0.0 0.0
31 9.0 0.0 0.0
32 10.0 0.0 0.0
33 11.0 0.0 0.0
34 12.0 0.0 0.0
35 13.0 0.0 0.0
36 14.0 0.0 0.0
37 15.0 0.0 0.0
38 16.0 0.0 0.0
39 17.0 0.0 0.0
40 18.0 0.0 0.0
41 19.0 0.0 0.0
42 20.0 0.0 0.0
TABLE_14_21
N 42

1 0.000001 0.056786 0.0
2 1.0 0.056786 0.0
3 2.0 0.056786 0.0
4 3.0 0.056786 0.0
5 4.0 0.056786 0.0
6 5.0 0.056786 0.0
7 6.0 0.056786 0.0
8 6.086185454545454 0.056786 0.0
9 6.172370909090908 0.056786 0.0
10 6.258556363636362 0.056786 0.0
11 6.3447418181818165 0.056786 0.0
12 6.430927272727271 0.056786 0.0
13 6.517112727272725 0.056786 0.0
14 6.603298181818179 0.056786 0.0
15 6.689483636363633 0.056786 0.0
16 6.775669090909087 0.056786 0.0
17 6.861854545454541 0.056786 0.0
18 6.94804 0.0 0.0
19 6.9527636363636365 0.0 0.0
20 6.957487272727273 0.0 0.0
21 6.96221090909091 0.0 0.0
22 6.966934545454547 0.0 0.0
23 6.971658181818183 0.0 0.0
24 6.97638181818182 0.0 0.0
25 6.981105454545457 0.0 0.0
26 6.985829090909093 0.0 0.0
27 6.99055272727273 0.0 0.0
28 6.995276363636367 0.0 0.0
29 7.0 0.0 0.0
30 8.0 0.0 0.0
31 9.0 0.0 0.0
32 10.0 0.0 0.0
33 11.0 0.0 0.0
34 12.0 0.0 0.0
35 13.0 0.0 0.0
36 14.0 0.0 0.0
37 15.0 0.0 0.0
38 16.0 0.0 0.0
39 17.0 0.0 0.0
40 18.0 0.0 0.0
41 19.0 0.0 0.0
42 20.0 0.0 0.0
TABLE_14_22
N 42

1 0.000001 0.056786 0.0
2 1.0 0.056786 0.0
3 2.0 0.056786 0.0
4 3.0 0.056786 0.0
5 4.0 0.056786 0.0
6 5.0 0.056786 0.0
7 6.0 0.056786 0.0
8 7.0 0.056786 0.0
9 7.008541818181818 0.056786 0.0
10 7.017083636363637 0.056786 0.0
11 7.025625454545455 0.056786 0.0
12 7.034167272727274 0.056786 0.0
13 7.042709090909092 0.056786 0.0
14 7.051250909090911 0.056786 0.0
15 7.059792727272729 0.056786 0.0
16 7.068334545454547 0.056786 0.0
17 7.076876363636366 0.056786 0.0
18 7.085418181818184 0.056786 0.0
19 7.09396 0.0 0.0
20 7.176327272727272 0.0 0.0
21 7.258694545454545 0.0 0.0
22 7.341061818181817 0.0 0.0
23 7.42342909090909 0.0 0.0
24 7.505796363636362 0.0 0.0
25 7.5881636363636344 0.0 0.0
26 7.670530909090907 0.0 0.0
27 7.752898181818179 0.0 0.0
28 7.835265454545452 0.0 0.0
29 7.917632727272724 0.0 0.0
30 8.0 0.0 0.0
31 9.0 0.0 0.0
32 10.0 0.0 0.0
33 11.0 0.0 0.0
34 12.0 0.0 0.0
35 13.0 0.0 0.0
36 14.0 0.0 0.0
37 15.0 0.0 0.0
38 16.0 0.0 0.0
39 17.0 0.0 0.0
40 18.0 0.0 0.0
41 19.0 0.0 0.0
42 20.0 0.0 0.0
TABLE_14_23
N 42

1 0.000001 0.056786 0.0
2 1.0 0.056786 0.0
3 2.0 0.056786 0.0
4 3.0 0.056786 0.0
5 4.0 0.056786 0.0
6 5.0 0.056786 0.0
7 6.0 0.056786 0.0
8 7.0 0.056786 0.0
9 7.047317818181818 0.056786 0.0
10 7.094635636363636 0.056786 0.0
11 7.141953454545454 0.056786 0.0
12 7.189271272727272 0.056786 0.0
13 7.2365890909090895 0.056786 0.0
14 7.283906909090907 0.056786 0.0
15 7.331224727272725 0.056786 0.0
16 7.378542545454543 0.056786 0.0
17 7.425860363636361 0.056786 0.0
18 7.473178181818179 0.056786 0.0
19 7.520496 0.0 0.0
20 7.5640872727272725 0.0 0.0
21 7.6076785454545455 0.0 0.0
22 7.651269818181818 0.0 0.0
23 7.694861090909091 0.0 0.0
24 7.738452363636364 0.0 0.0
25 7.782043636363637 0.0 0.0
26 7.82563490909091 0.0 0.0
27 7.869226181818183 0.0 0.0
28 7.912817454545456 0.0 0.0
29 7.956408727272729 0.0 0.0
30 8.0 0.0 0.0
31 9.0 0.0 0.0
32 10.0 0.0 0.0
33 11.0 0.0 0.0
34 12.0 0.0 0.0
35 13.0 0.0 0.0
36 14.0 0.0 0.0
37 15.0 0.0 0.0
38 16.0 0.0 0.0
39 17.0 0.0 0.0
40 18.0 0.0 0.0
41 19.0 0.0 0.0
42 20.0 0.0 0.0
TABLE_15_15
N 42

1 0.000001 0.032449 0.0
2 1.0 0.032449 0.0
3 2.0 0.032449 0.0
4 3.0 0.032449 0.0
5 4.0 0.032449 0.0
6 5.0 0.032449 0.0
7 6.0 0.032449 0.0
8 7.0 0.032449 0.0
9 7.0330319090909095 0.032449 0.0
10 7.066063818181819 0.032449 0.0
11 7.099095727272728 0.032449 0.0
12 7.132127636363638 0.032449 0.0
13 7.165159545454547 0.032449 0.0
14 7.198191454545457 0.032449 0.0
15 7.231223363636366 0.032449 0.0
16 7.264255272727276 0.032449 0.0
17 7.297287181818185 0.032449 0.0
18 7.330319090909095 0.032449 0.0
19 7.363351 0.0 0.0
20 7.421228181818182 0.0 0.0
21 7.479105363636364 0.0 0.0
22 7.5369825454545465 0.0 0.0
23 7.594859727272729 0.0 0.0
24 7.652736909090911 0.0 0.0
25 7.710614090909093 0.0 0.0
26 7.7684912727272755 0.0 0.0
27 7.826368454545458 0.0 0.0
28 7.88424563636364 0.0 0.0
29 7.942122818181822 0.0 0.0
30 8.0 0.0 0.0
31 9.0 0.0 0.0
32 10.0 0.0 0.0
33 11.0 0.0 0.0
34 12.0 0.0 0.0
35 13.0 0.0 0.0
36 14.0 0.0 0.0
37 15.0 0.0 0.0
38 16.0 0.0 0.0
39 17.0 0.0 0.0
40 18.0 0.0 0.0
41 19.0 0.0 0.0
42 20.0 0.0 0.0
TABLE_15_16
N 42

1 0.000001 0.01352 0.0
2 1.0 0.01352 0.0
3 2.0 0.01352 0.0
4 3.0 0.01352 0.0
5 4.0 0.01352 0.0
6 5.0 0.01352 0.0
7 6.0 0.01352 0.0
8 6.053532 0.01352 0.0
9 6.107063999999999 0.01352 0.0
10 6.160595999999999 0.01352 0.0
11 6.214127999999999 0.01352 0.0
12 6.2676599999999985 0.01352 0.0
13 6.321191999999998 0.01352 0.0
14 6.374723999999998 0.01352 0.0
15 6.4282559999999975 0.01352 0.0
16 6.481787999999997 0.01352 0.0
17 6.535319999999997 0.01352 0.0
18 6.588852 0.0 0.0
19 6.626229090909091 0.0 0.0
20 6.663606181818182 0.0 0.0
21 6.700983272727274 0.0 0.0
22 6.738360363636365 0.0 0.0
23 6.775737454545456 0.0 0.0
24 6.813114545454547 0.0 0.0
25 6.850491636363638 0.0 0.0
26 6.887868727272729 0.0 0.0
27 6.92524581818182 0.0 0.0
28 6.9626229090909115 0.0 0.0
29 7.0 0.0 0.0
30 8.0 0.0 0.0
31 9.0 0.0 0.0
32 10.0 0.0 0.0
33 11.0 0.0 0.0
34 12.0 0.0 0.0
35 13.0 0.0 0.0
36 14.0 0.0 0.0
37 15.0 0.0 0.0
38 16.0 0.0 0.0
39 17.0 0.0 0.0
40 18.0 0.0 0.0
41 19.0 0.0 0.0
42 20.0 0.0 0.0
TABLE_16_21
N 42

1 0.000001 0.010816 0.0
2 1.0 0.010816 0.0
3 2.0 0.010816 0.0
4 3.0 0.010816 0.0
5 4.0 0.010816 0.0
6 5.0 0.010816 0.0
7 6.0 0.010816 0.0
8 6.043327818181818 0.010816 0.0
9 6.086655636363636 0.010816 0.0
10 6.129983454545454 0.010816 0.0
11 6.173311272727272 0.010816 0.0
12 6.21663909090909 0.010816 0.0
13 6.259966909090908 0.010816 0.0
14 6.303294727272726 0.010816 0.0
15 6.346622545454544 0.010816 0.0
16 6.389950363636362 0.010816 0.0
17 6.43327818181818 0.010816 0.0
18 6.476606 0.0 0.0
19 6.524187272727273 0.0 0.0
20 6.571768545454546 0.0 0.0
21 6.619349818181819 0.0 0.0
22 6.666931090909092 0.0 0.0
23 6.714512363636365 0.0 0.0
24 6.7620936363636375 0.0 0.0
25 6.80967490909091 0.0 0.0
26 6.857256181818183 0.0 0.0
27 6.904837454545456 0.0 0.0
28 6.952418727272729 0.0 0.0
29 7.0 0.0 0.0
30 8.0 0.0 0.0
31 9.0 0.0 0.0
32 10.0 0.0 0.0
33 11.0 0.0 0.0
34 12.0 0.0 0.0
35 13.0 0.0 0.0
36 14.0 0.0 0.0
37 15.0 0.0 0.0
38 16.0 0.0 0.0
39 17.0 0.0 0.0
40 18.0 0.0 0.0
41 19.0 0.0 0.0
42 20.0 0.0 0.0
TABLE_16_22
N 42

1 0.000001 0.010816 0.0
2 1.0 0.010816 0.0
3 2.0 0.010816 0.0
4 3.0 0.010816 0.0
5 4.0 0.010816 0.0
6 5.0 0.010816 0.0
7 6.0 0.010816 0.0
8 6.056593272727273 0.010816 0.0
9 6.113186545454546 0.010816 0.0
10 6.169779818181819 0.010816 0.0
11 6.226373090909092 0.010816 0.0
12 6.2829663636363655 0.010816 0.0
13 6.339559636363639 0.010816 0.0
14 6.396152909090912 0.010816 0.0
15 6.452746181818185 0.010816 0.0
16 6.509339454545458 0.010816 0.0
17 6.565932727272731 0.010816 0.0
18 6.622526 0.0 0.0
19 6.656841818181818 0.0 0.0
20 6.691157636363637 0.0 0.0
21 6.7254734545454555 0.0 0.0
22 6.759789272727274 0.0 0.0
23 6.794105090909093 0.0 0.0
24 6.828420909090911 0.0 0.0
25 6.86273672727273 0.0 0.0
26 6.897052545454549 0.0 0.0
27 6.931368363636367 0.0 0.0
28 6.965684181818186 0.0 0.0
29 7.0 0.0 0.0
30 8.0 0.0 0.0
31 9.0 0.0 0.0
32 10.0 0.0 0.0
33 11.0 0.0 0.0
34 12.0 0.0 0.0
35 13.0 0.0 0.0
36 14.0 0.0 0.0
37 15.0 0.0 0.0
38 16.0 0.0 0.0
39 17.0 0.0 0.0
40 18.0 0.0 0.0
41 19.0 0.0 0.0
42 20.0 0.0 0.0
TABLE_16_23
N 42

1 0.000001 0.010816 0.0
2 1.0 0.010816 0.0
3 2.0 0.010816 0.0
4 3.0 0.010816 0.0
5 4.0 0.010816 0.0
6 5.0 0.010816 0.0
7 6.0 0.010816 0.0
8 7.0 0.010816 0.0
9 7.004460181818182 0.010816 0.0
10 7.0089203636363635 0.010816 0.0
11 7.013380545454545 0.010816 0.0
12 7.017840727272727 0.010816 0.0
13 7.022300909090909 0.010816 0.0
14 7.0267610909090905 0.010816 0.0
15 7.031221272727272 0.010816 0.0
16 7.035681454545454 0.010816 0.0
17 7.040141636363636 0.010816 0.0
18 7.0446018181818175 0.010816 0.0
19 7.049062 0.0 0.0
20 7.135510909090909 0.0 0.0
21 7.221959818181818 0.0 0.0
22 7.308408727272727 0.0 0.0
23 7.3948576363636365 0.0 0.0
24 7.4813065454545455 0.0 0.0
25 7.567755454545455 0.0 0.0
26 7.654204363636364 0.0 0.0
27 7.740653272727273 0.0 0.0
28 7.827102181818182 0.0 0.0
29 7.913551090909091 0.0 0.0
30 8.0 0.0 0.0
31 9.0 0.0 0.0
32 10.0 0.0 0.0
33 11.0 0.0 0.0
34 12.0 0.0 0.0
35 13.0 0.0 0.0
36 14.0 0.0 0.0
37 15.0 0.0 0.0
38 16.0 0.0 0.0
39 17.0 0.0 0.0
40 18.0 0.0 0.0
41 19.0 0.0 0.0
42 20.0 0.0 0.0
TABLE_21_21
N 42

1 0.000001 0.124388 0.0
2 1.0 0.124388 0.0
3 2.0 0.124388 0.0
4 3.0 0.124388 0.0
5 4.0 0.124388 0.0
6 5.0 0.124388 0.0
7 6.0 0.124388 0.0
8 7.0 0.124388 0.0
9 7.012623545454545 0.124388 0.0
10 7.02524709090909 0.124388 0.0
11 7.037870636363635 0.124388 0.0
12 7.0504941818181806 0.124388 0.0
13 7.063117727272726 0.124388 0.0
14 7.075741272727271 0.124388 0.0
15 7.088364818181816 0.124388 0.0
16 7.100988363636361 0.124388 0.0
17 7.113611909090906 0.124388 0.0
18 7.126235454545451 0.124388 0.0
19 7.138859 0.0 0.0
20 7.217144545454546 0.0 0.0
21 7.2954300909090914 0.0 0.0
22 7.373715636363637 0.0 0.0
23 7.452001181818183 0.0 0.0
24 7.5302867272727285 0.0 0.0
25 7.608572272727274 0.0 0.0
26 7.68685781818182 0.0 0.0
27 7.765143363636366 0.0 0.0
28 7.843428909090911 0.0 0.0
29 7.921714454545457 0.0 0.0
30 8.0 0.0 0.0
31 9.0 0.0 0.0
32 10.0 0.0 0.0
33 11.0 0.0 0.0
34 12.0 0.0 0.0
35 13.0 0.0 0.0
36 14.0 0.0 0.0
37 15.0 0.0 0.0
38 16.0 0.0 0.0
39 17.0 0.0 0.0
40 18.0 0.0 0.0
41 19.0 0.0 0.0
42 20.0 0.0 0.0
TABLE_21_22
N 42

1 0.000001 0.124388 0.0
2 1.0 0.124388 0.0
3 2.0 0.124388 0.0
4 3.0 0.124388 0.0
5 4.0 0.124388 0.0
6 5.0 0.124388 0.0
7 6.0 0.124388 0.0
8 7.0 0.124388 0.0
9 7.025889 0.124388 0.0
10 7.0517780000000005 0.124388 0.0
11 7.077667000000001 0.124388 0.0
12 7.103556000000001 0.124388 0.0
13 7.129445000000001 0.124388 0.0
14 7.155334000000002 0.124388 0.0
15 7.181223000000002 0.124388 0.0
16 7.207112000000002 0.124388 0.0
17 7.2330010000000025 0.124388 0.0
18 7.258890000000003 0.124388 0.0
19 7.284779 0.0 0.0
20 7.349799090909091 0.0 0.0
21 7.4148191818181814 0.0 0.0
22 7.479839272727272 0.0 0.0
23 7.544859363636363 0.0 0.0
24 7.609879454545453 0.0 0.0
25 7.674899545454544 0.0 0.0
26 7.739919636363634 0.0 0.0
27 7.804939727272725 0.0 0.0
28 7.869959818181815 0.0 0.0
29 7.934979909090906 0.0 0.0
30 8.0 0.0 0.0
31 9.0 0.0 0.0
32 10.0 0.0 0.0
33 11.0 0.0 0.0
34 12.0 0.0 0.0
35 13.0 0.0 0.0
36 14.0 0.0 0.0
37 15.0 0.0 0.0
38 16.0 0.0 0.0
39 17.0 0.0 0.0
40 18.0 0.0 0.0
41 19.0 0.0 0.0
42 20.0 0.0 0.0
TABLE_21_23
N 42

1 0.000001 0.124388 0.0
2 1.0 0.124388 0.0
3 2.0 0.124388 0.0
4 3.0 0.124388 0.0
5 4.0 0.124388 0.0
6 5.0 0.124388 0.0
7 6.0 0.124388 0.0
8 7.0 0.124388 0.0
9 7.064664909090909 0.124388 0.0
10 7.129329818181818 0.124388 0.0
11 7.1939947272727265 0.124388 0.0
12 7.258659636363635 0.124388 0.0
13 7.323324545454544 0.124388 0.0
14 7.387989454545453 0.124388 0.0
15 7.452654363636362 0.124388 0.0
16 7.517319272727271 0.124388 0.0
17 7.5819841818181795 0.124388 0.0
18 7.646649090909088 0.124388 0.0
19 7.711314 0.0 0.0
20 7.737558181818182 0.0 0.0
21 7.763802363636364 0.0 0.0
22 7.790046545454546 0.0 0.0
23 7.816290727272728 0.0 0.0
24 7.84253490909091 0.0 0.0
25 7.868779090909092 0.0 0.0
26 7.895023272727274 0.0 0.0
27 7.921267454545456 0.0 0.0
28 7.947511636363638 0.0 0.0
29 7.97375581818182 0.0 0.0
30 8.0 0.0 0.0
31 9.0 0.0 0.0
32 10.0 0.0 0.0
33 11.0 0.0 0.0
34 12.0 0.0 0.0
35 13.0 0.0 0.0
36 14.0 0.0 0.0
37 15.0 0.0 0.0
38 16.0 0.0 0.0
39 17.0 0.0 0.0
40 18.0 0.0 0.0
41 19.0 0.0 0.0
42 20.0 0.0 0.0
TABLE_22_22
N 42

1 0.000001 0.124388 0.0
2 1.0 0.124388 0.0
3 2.0 0.124388 0.0
4 3.0 0.124388 0.0
5 4.0 0.124388 0.0
6 5.0 0.124388 0.0
7 6.0 0.124388 0.0
8 7.0 0.124388 0.0
9 7.0391544545454545 0.124388 0.0
10 7.078308909090909 0.124388 0.0
11 7.117463363636364 0.124388 0.0
12 7.156617818181818 0.124388 0.0
13 7.195772272727273 0.124388 0.0
14 7.234926727272727 0.124388 0.0
15 7.274081181818182 0.124388 0.0
16 7.313235636363636 0.124388 0.0
17 7.352390090909091 0.124388 0.0
18 7.391544545454545 0.124388 0.0
19 7.430699 0.0 0.0
20 7.482453636363636 0.0 0.0
21 7.534208272727272 0.0 0.0
22 7.585962909090909 0.0 0.0
23 7.637717545454545 0.0 0.0
24 7.689472181818181 0.0 0.0
25 7.741226818181818 0.0 0.0
26 7.792981454545454 0.0 0.0
27 7.84473609090909 0.0 0.0
28 7.8964907272727265 0.0 0.0
29 7.948245363636363 0.0 0.0
30 8.0 0.0 0.0
31 9.0 0.0 0.0
32 10.0 0.0 0.0
33 11.0 0.0 0.0
34 12.0 0.0 0.0
35 13.0 0.0 0.0
36 14.0 0.0 0.0
37 15.0 0.0 0.0
38 16.0 0.0 0.0
39 17.0 0.0 0.0
40 18.0 0.0 0.0
41 19.0 0.0 0.0
42 20.0 0.0 0.0
TABLE_22_23
N 42

1 0.000001 0.124388 0.0
2 1.0 0.124388 0.0
3 2.0 0.124388 0.0
4 3.0 0.124388 0.0
5 4.0 0.124388 0.0
6 5.0 0.124388 0.0
7 6.0 0.124388 0.0
8 7.0 0.124388 0.0
9 7.077930363636364 0.124388 0.0
10 7.155860727272728 0.124388 0.0
11 7.233791090909092 0.124388 0.0
12 7.311721454545456 0.124388 0.0
13 7.38965181818182 0.124388 0.0
14 7.467582181818184 0.124388 0.0
15 7.545512545454548 0.124388 0.0
16 7.623442909090912 0.124388 0.0
17 7.701373272727276 0.124388 0.0
18 7.77930363636364 0.124388 0.0
19 7.857234 0.0 0.0
20 7.870212727272727 0.0 0.0
21 7.883191454545454 0.0 0.0
22 7.896170181818181 0.0 0.0
23 7.9091489090909075 0.0 0.0
24 7.922127636363634 0.0 0.0
25 7.935106363636361 0.0 0.0
26 7.948085090909088 0.0 0.0
27 7.961063818181815 0.0 0.0
28 7.974042545454542 0.0 0.0
29 7.987021272727269 0.0 0.0
30 8.0 0.0 0.0
31 9.0 0.0 0.0
32 10.0 0.0 0.0
33 11.0 0.0 0.0
34 12.0 0.0 0.0
35 13.0 0.0 0.0
36 14.0 0.0 0.0
37 15.0 0.0 0.0
38 16.0 0.0 0.0
39 17.0 0.0 0.0
40 18.0 0.0 0.0
41 19.0 0.0 0.0
42 20.0 0.0 0.0
TABLE_23_23
N 42

1 0.000001 0.124388 0.0
2 1.0 0.124388 0.0
3 2.0 0.124388 0.0
4 3.0 0.124388 0.0
5 4.0 0.124388 0.0
6 5.0 0.124388 0.0
7 6.0 0.124388 0.0
8 7.0 0.124388 0.0
9 8.0 0.124388 0.0
10 8.025797272727273 0.124388 0.0
11 8.051594545454545 0.124388 0.0
12 8.077391818181818 0.124388 0.0
13 8.10318909090909 0.124388 0.0
14 8.128986363636363 0.124388 0.0
15 8.154783636363636 0.124388 0.0
16 8.180580909090908 0.124388 0.0
17 8.206378181818181 0.124388 0.0
18 8.232175454545454 0.124388 0.0
19 8.257972727272726 0.124388 0.0
20 8.28377 0.0 0.0
21 8.348881818181818 0.0 0.0
22 8.413993636363635 0.0 0.0
23 8.479105454545453 0.0 0.0
24 8.54421727272727 0.0 0.0
25 8.609329090909087 0.0 0.0
26 8.674440909090904 0.0 0.0
27 8.739552727272722 0.0 0.0
28 8.80466454545454 0.0 0.0
29 8.869776363636356 0.0 0.0
30 8.934888181818174 0.0 0.0
31 9.0 0.0 0.0
32 10.0 0.0 0.0
33 11.0 0.0 0.0
34 12.0 0.0 0.0
35 13.0 0.0 0.0
36 14.0 0.0 0.0
37 15.0 0.0 0.0
38 16.0 0.0 0.0
39 17.0 0.0 0.0
40 18.0 0.0 0.0
41 19.0 0.0 0.0
42 20.0 0.0 0.0
